1,1000.000,0.000,100.000,1001;CODE 100,L
2,1000.000,150.000,100.000,1001;CODE 100,
3,980.000,0.000,100.000,1011;CODE 101,L
4,980.000,150.000,100.000,1011;CODE 101,
5,960.000,0.000,100.000,1021;CODE 102,L
6,960.000,150.000,100.000,1021;CODE 102,
7,940.000,0.000,100.000,1031;CODE 103,L
8,940.000,150.000,100.000,1031;CODE 103,
9,920.000,0.000,100.000,1041;CODE 104,L
10,920.000,150.000,100.000,1041;CODE 104,
11,900.000,0.000,100.000,1051;CODE 105,L
12,900.000,150.000,100.000,1051;CODE 105,
13,880.000,0.000,100.000,1061;CODE 106,L
14,880.000,150.000,100.000,1061;CODE 106,
15,860.000,0.000,100.000,1071;CODE 107,L
16,860.000,150.000,100.000,1071;CODE 107,
17,840.000,0.000,100.000,1081;CODE 108,L
18,840.000,150.000,100.000,1081;CODE 108,
19,820.000,0.000,100.000,1091;CODE 109,L
20,820.000,150.000,100.000,1091;CODE 109,
21,800.000,0.000,100.000,1101;CODE 110,L
22,800.000,150.000,100.000,1101;CODE 110,
23,780.000,0.000,100.000,1111;CODE 111,L
24,780.000,150.000,100.000,1111;CODE 111,
25,760.000,0.000,100.000,1121;CODE 112,L
26,760.000,150.000,100.000,1121;CODE 112,
27,740.000,0.000,100.000,1131;CODE 113,L
28,740.000,150.000,100.000,1131;CODE 113,
29,720.000,0.000,100.000,1141;CODE 114,L
30,720.000,150.000,100.000,1141;CODE 114,
31,700.000,0.000,100.000,1151;CODE 115,L
32,700.000,150.000,100.000,1151;CODE 115,
33,680.000,0.000,100.000,1161;CODE 116,L
34,680.000,150.000,100.000,1161;CODE 116,
35,660.000,0.000,100.000,1171;CODE 117,L
36,660.000,150.000,100.000,1171;CODE 117,
37,640.000,0.000,100.000,1181;CODE 118,L
38,640.000,150.000,100.000,1181;CODE 118,
39,620.000,0.000,100.000,1191;CODE 119,L
40,620.000,150.000,100.000,1191;CODE 119,
41,600.000,0.000,100.000,1201;CODE 120,L
42,600.000,150.000,100.000,1201;CODE 120,
43,580.000,0.000,100.000,1211;CODE 121,L
44,580.000,150.000,100.000,1211;CODE 121,
45,560.000,0.000,100.000,1221;CODE 122,L
46,560.000,150.000,100.000,1221;CODE 122,
47,540.000,0.000,100.000,1231;CODE 123,L
48,540.000,150.000,100.000,1231;CODE 123,
49,520.000,0.000,100.000,1241;CODE 124,L
50,520.000,150.000,100.000,1241;CODE 124,
51,500.000,0.000,100.000,1251;CODE 125,L
52,500.000,150.000,100.000,1251;CODE 125,
53,480.000,0.000,100.000,1261;CODE 126,L
54,480.000,150.000,100.000,1261;CODE 126,
55,460.000,0.000,100.000,1271;CODE 127,L
56,460.000,150.000,100.000,1271;CODE 127,
57,440.000,0.000,100.000,1281;CODE 128,L
58,440.000,150.000,100.000,1281;CODE 128,
59,420.000,0.000,100.000,1291;CODE 129,L
60,420.000,150.000,100.000,1291;CODE 129,
61,400.000,0.000,100.000,1301;CODE 130,L
62,400.000,150.000,100.000,1301;CODE 130,
63,380.000,0.000,100.000,1311;CODE 131,L
64,380.000,150.000,100.000,1311;CODE 131,
65,360.000,0.000,100.000,1321;CODE 132,L
66,360.000,150.000,100.000,1321;CODE 132,
67,340.000,0.000,100.000,1331;CODE 133,L
68,340.000,150.000,100.000,1331;CODE 133,
69,320.000,0.000,100.000,1341;CODE 134,L
70,320.000,150.000,100.000,1341;CODE 134,
71,300.000,0.000,100.000,1351;CODE 135,L
72,300.000,150.000,100.000,1351;CODE 135,
73,280.000,0.000,100.000,1361;CODE 136,L
74,280.000,150.000,100.000,1361;CODE 136,
75,260.000,0.000,100.000,1371;CODE 137,L
76,260.000,150.000,100.000,1371;CODE 137,
77,240.000,0.000,100.000,1381;CODE 138,L
78,240.000,150.000,100.000,1381;CODE 138,
79,220.000,0.000,100.000,1391;CODE 139,L
80,220.000,150.000,100.000,1391;CODE 139,
81,200.000,0.000,100.000,1401;CODE 140,L
82,200.000,150.000,100.000,1401;CODE 140,
83,180.000,0.000,100.000,1411;CODE 141,L
84,180.000,150.000,100.000,1411;CODE 141,
85,160.000,0.000,100.000,1421;CODE 142,L
86,160.000,150.000,100.000,1421;CODE 142,
87,140.000,0.000,100.000,1431;CODE 143,L
88,140.000,150.000,100.000,1431;CODE 143,
89,120.000,0.000,100.000,1441;CODE 144,L
90,120.000,150.000,100.000,1441;CODE 144,
91,100.000,0.000,100.000,1451;CODE 145,L
92,100.000,150.000,100.000,1451;CODE 145,
93,80.000,0.000,100.000,1461;CODE 146,L
94,80.000,150.000,100.000,1461;CODE 146,
95,60.000,0.000,100.000,1471;CODE 147,L
96,60.000,150.000,100.000,1471;CODE 147,
97,40.000,0.000,100.000,1481;CODE 148,L
98,40.000,150.000,100.000,1481;CODE 148,
99,20.000,0.000,100.000,1491;CODE 149,L
100,20.000,150.000,100.000,1491;CODE 149,
101,0.000,0.000,100.000,1501;CODE 150,L
102,0.000,150.000,100.000,1501;CODE 150,
103,1000.000,350.000,100.000,1511;CODE 151,L
104,1000.000,500.000,100.000,1511;CODE 151,
105,980.000,350.000,100.000,1521;CODE 152,L
106,980.000,500.000,100.000,1521;CODE 152,
107,960.000,350.000,100.000,1531;CODE 153,L
108,960.000,500.000,100.000,1531;CODE 153,
109,940.000,350.000,100.000,1541;CODE 154,L
110,940.000,500.000,100.000,1541;CODE 154,
111,920.000,350.000,100.000,1551;CODE 155,L
112,920.000,500.000,100.000,1551;CODE 155,
113,900.000,350.000,100.000,1561;CODE 156,L
114,900.000,500.000,100.000,1561;CODE 156,
115,880.000,350.000,100.000,1571;CODE 157,L
116,880.000,500.000,100.000,1571;CODE 157,
117,860.000,350.000,100.000,1581;CODE 158,L
118,860.000,500.000,100.000,1581;CODE 158,
119,840.000,350.000,100.000,1591;CODE 159,L
120,840.000,500.000,100.000,1591;CODE 159,
121,820.000,350.000,100.000,1601;CODE 160,L
122,820.000,500.000,100.000,1601;CODE 160,
123,800.000,350.000,100.000,1611;CODE 161,L
124,800.000,500.000,100.000,1611;CODE 161,
125,780.000,350.000,100.000,1621;CODE 162,L
126,780.000,500.000,100.000,1621;CODE 162,
127,760.000,350.000,100.000,1631;CODE 163,L
128,760.000,500.000,100.000,1631;CODE 163,
129,740.000,350.000,100.000,1641;CODE 164,L
130,740.000,500.000,100.000,1641;CODE 164,
131,720.000,350.000,100.000,1651;CODE 165,L
132,720.000,500.000,100.000,1651;CODE 165,
133,700.000,350.000,100.000,1661;CODE 166,L
134,700.000,500.000,100.000,1661;CODE 166,
135,680.000,350.000,100.000,1671;CODE 167,L
136,680.000,500.000,100.000,1671;CODE 167,
137,660.000,350.000,100.000,1681;CODE 168,L
138,660.000,500.000,100.000,1681;CODE 168,
139,640.000,350.000,100.000,1691;CODE 169,L
140,640.000,500.000,100.000,1691;CODE 169,
141,620.000,350.000,100.000,1701;CODE 170,L
142,620.000,500.000,100.000,1701;CODE 170,
143,600.000,350.000,100.000,1711;CODE 171,L
144,600.000,500.000,100.000,1711;CODE 171,
145,580.000,350.000,100.000,1721;CODE 172,L
146,580.000,500.000,100.000,1721;CODE 172,
147,560.000,350.000,100.000,1731;CODE 173,L
148,560.000,500.000,100.000,1731;CODE 173,
149,540.000,350.000,100.000,1741;CODE 174,L
150,540.000,500.000,100.000,1741;CODE 174,
151,520.000,350.000,100.000,1751;CODE 175,L
152,520.000,500.000,100.000,1751;CODE 175,
153,500.000,350.000,100.000,1761;CODE 176,L
154,500.000,500.000,100.000,1761;CODE 176,
155,480.000,350.000,100.000,1771;CODE 177,L
156,480.000,500.000,100.000,1771;CODE 177,
157,460.000,350.000,100.000,1781;CODE 178,L
158,460.000,500.000,100.000,1781;CODE 178,
159,440.000,350.000,100.000,1791;CODE 179,L
160,440.000,500.000,100.000,1791;CODE 179,
161,420.000,350.000,100.000,1801;CODE 180,L
162,420.000,500.000,100.000,1801;CODE 180,
163,400.000,350.000,100.000,1811;CODE 181,L
164,400.000,500.000,100.000,1811;CODE 181,
165,380.000,350.000,100.000,1821;CODE 182,L
166,380.000,500.000,100.000,1821;CODE 182,
167,360.000,350.000,100.000,1831;CODE 183,L
168,360.000,500.000,100.000,1831;CODE 183,
169,340.000,350.000,100.000,1841;CODE 184,L
170,340.000,500.000,100.000,1841;CODE 184,
171,320.000,350.000,100.000,1851;CODE 185,L
172,320.000,500.000,100.000,1851;CODE 185,
173,300.000,350.000,100.000,1861;CODE 186,L
174,300.000,500.000,100.000,1861;CODE 186,
175,280.000,350.000,100.000,1871;CODE 187,L
176,280.000,500.000,100.000,1871;CODE 187,
177,260.000,350.000,100.000,1881;CODE 188,L
178,260.000,500.000,100.000,1881;CODE 188,
179,240.000,350.000,100.000,1891;CODE 189,L
180,240.000,500.000,100.000,1891;CODE 189,
181,220.000,350.000,100.000,1901;CODE 190,L
182,220.000,500.000,100.000,1901;CODE 190,
183,200.000,350.000,100.000,1911;CODE 191,L
184,200.000,500.000,100.000,1911;CODE 191,
185,180.000,350.000,100.000,1921;CODE 192,L
186,180.000,500.000,100.000,1921;CODE 192,
187,160.000,350.000,100.000,1931;CODE 193,L
188,160.000,500.000,100.000,1931;CODE 193,
189,140.000,350.000,100.000,1941;CODE 194,L
190,140.000,500.000,100.000,1941;CODE 194,
191,120.000,350.000,100.000,1951;CODE 195,L
192,120.000,500.000,100.000,1951;CODE 195,
193,100.000,350.000,100.000,1961;CODE 196,L
194,100.000,500.000,100.000,1961;CODE 196,
195,80.000,350.000,100.000,1971;CODE 197,L
196,80.000,500.000,100.000,1971;CODE 197,
197,60.000,350.000,100.000,1981;CODE 198,L
198,60.000,500.000,100.000,1981;CODE 198,
199,40.000,350.000,100.000,1991;CODE 199,L
200,40.000,500.000,100.000,1991;CODE 199,
201,20.000,350.000,100.000,2001;CODE 200,L
202,20.000,500.000,100.000,2001;CODE 200,
203,0.000,350.000,100.000,2011;CODE 201,L
204,0.000,500.000,100.000,2011;CODE 201,
205,1000.000,700.000,100.000,2021;CODE 202,L
206,1000.000,850.000,100.000,2021;CODE 202,
207,980.000,700.000,100.000,2031;CODE 203,L
208,980.000,850.000,100.000,2031;CODE 203,
209,960.000,700.000,100.000,2041;CODE 204,L
210,960.000,850.000,100.000,2041;CODE 204,
211,940.000,700.000,100.000,2051;CODE 205,L
212,940.000,850.000,100.000,2051;CODE 205,
213,920.000,700.000,100.000,2061;CODE 206,L
214,920.000,850.000,100.000,2061;CODE 206,
215,900.000,700.000,100.000,2071;CODE 207,L
216,900.000,850.000,100.000,2071;CODE 207,
217,880.000,700.000,100.000,2081;CODE 208,L
218,880.000,850.000,100.000,2081;CODE 208,
219,860.000,700.000,100.000,2091;CODE 209,L
220,860.000,850.000,100.000,2091;CODE 209,
221,840.000,700.000,100.000,2101;CODE 210,L
222,840.000,850.000,100.000,2101;CODE 210,
223,820.000,700.000,100.000,2111;CODE 211,L
224,820.000,850.000,100.000,2111;CODE 211,
225,800.000,700.000,100.000,2121;CODE 212,L
226,800.000,850.000,100.000,2121;CODE 212,
227,780.000,700.000,100.000,2131;CODE 213,L
228,780.000,850.000,100.000,2131;CODE 213,
229,760.000,700.000,100.000,2141;CODE 214,L
230,760.000,850.000,100.000,2141;CODE 214,
231,740.000,700.000,100.000,2151;CODE 215,L
232,740.000,850.000,100.000,2151;CODE 215,
233,720.000,700.000,100.000,2161;CODE 216,L
234,720.000,850.000,100.000,2161;CODE 216,
235,700.000,700.000,100.000,2171;CODE 217,L
236,700.000,850.000,100.000,2171;CODE 217,
237,680.000,700.000,100.000,2181;CODE 218,L
238,680.000,850.000,100.000,2181;CODE 218,
239,660.000,700.000,100.000,2191;CODE 219,L
240,660.000,850.000,100.000,2191;CODE 219,
241,640.000,700.000,100.000,2201;CODE 220,L
242,640.000,850.000,100.000,2201;CODE 220,
243,620.000,700.000,100.000,2211;CODE 221,L
244,620.000,850.000,100.000,2211;CODE 221,
245,600.000,700.000,100.000,2221;CODE 222,L
246,600.000,850.000,100.000,2221;CODE 222,
247,580.000,700.000,100.000,2231;CODE 223,L
248,580.000,850.000,100.000,2231;CODE 223,
249,560.000,700.000,100.000,2241;CODE 224,L
250,560.000,850.000,100.000,2241;CODE 224,
251,540.000,700.000,100.000,2251;CODE 225,L
252,540.000,850.000,100.000,2251;CODE 225,
253,520.000,700.000,100.000,2261;CODE 226,L
254,520.000,850.000,100.000,2261;CODE 226,
255,500.000,700.000,100.000,2271;CODE 227,L
256,500.000,850.000,100.000,2271;CODE 227,
257,480.000,700.000,100.000,2281;CODE 228,L
258,480.000,850.000,100.000,2281;CODE 228,
259,460.000,700.000,100.000,2291;CODE 229,L
260,460.000,850.000,100.000,2291;CODE 229,
261,440.000,700.000,100.000,2301;CODE 230,L
262,440.000,850.000,100.000,2301;CODE 230,
263,420.000,700.000,100.000,2311;CODE 231,L
264,420.000,850.000,100.000,2311;CODE 231,
265,400.000,700.000,100.000,2321;CODE 232,L
266,400.000,850.000,100.000,2321;CODE 232,
267,380.000,700.000,100.000,2331;CODE 233,L
268,380.000,850.000,100.000,2331;CODE 233,
269,360.000,700.000,100.000,2341;CODE 234,L
270,360.000,850.000,100.000,2341;CODE 234,
271,340.000,700.000,100.000,2351;CODE 235,L
272,340.000,850.000,100.000,2351;CODE 235,
273,320.000,700.000,100.000,2361;CODE 236,L
274,320.000,850.000,100.000,2361;CODE 236,
275,300.000,700.000,100.000,2371;CODE 237,L
276,300.000,850.000,100.000,2371;CODE 237,
277,280.000,700.000,100.000,2381;CODE 238,L
278,280.000,850.000,100.000,2381;CODE 238,
279,260.000,700.000,100.000,2391;CODE 239,L
280,260.000,850.000,100.000,2391;CODE 239,
281,240.000,700.000,100.000,2401;CODE 240,L
282,240.000,850.000,100.000,2401;CODE 240,
283,220.000,700.000,100.000,2411;CODE 241,L
284,220.000,850.000,100.000,2411;CODE 241,
285,200.000,700.000,100.000,2421;CODE 242,L
286,200.000,850.000,100.000,2421;CODE 242,
287,180.000,700.000,100.000,2431;CODE 243,L
288,180.000,850.000,100.000,2431;CODE 243,
289,160.000,700.000,100.000,2441;CODE 244,L
290,160.000,850.000,100.000,2441;CODE 244,
291,140.000,700.000,100.000,2451;CODE 245,L
292,140.000,850.000,100.000,2451;CODE 245,
293,120.000,700.000,100.000,2461;CODE 246,L
294,120.000,850.000,100.000,2461;CODE 246,
295,100.000,700.000,100.000,2471;CODE 247,L
296,100.000,850.000,100.000,2471;CODE 247,
297,80.000,700.000,100.000,2481;CODE 248,L
298,80.000,850.000,100.000,2481;CODE 248,
299,60.000,700.000,100.000,2491;CODE 249,L
300,60.000,850.000,100.000,2491;CODE 249,
301,40.000,700.000,100.000,2501;CODE 250,L
302,40.000,850.000,100.000,2501;CODE 250,
303,20.000,700.000,100.000,2511;CODE 251,L
304,20.000,850.000,100.000,2511;CODE 251,
305,0.000,700.000,100.000,2521;CODE 252,L
306,0.000,850.000,100.000,2521;CODE 252,
307,1000.000,1050.000,100.000,2531;CODE 253,L
308,1000.000,1200.000,100.000,2531;CODE 253,
309,980.000,1050.000,100.000,2541;CODE 254,L
310,980.000,1200.000,100.000,2541;CODE 254,
311,960.000,1050.000,100.000,2551;CODE 255,L
312,960.000,1200.000,100.000,2551;CODE 255,
313,940.000,1050.000,100.000,2561;CODE 256,L
314,940.000,1200.000,100.000,2561;CODE 256,
315,920.000,1050.000,100.000,2571;CODE 257,L
316,920.000,1200.000,100.000,2571;CODE 257,
317,900.000,1050.000,100.000,2581;CODE 258,L
318,900.000,1200.000,100.000,2581;CODE 258,
319,880.000,1050.000,100.000,2591;CODE 259,L
320,880.000,1200.000,100.000,2591;CODE 259,
321,860.000,1050.000,100.000,2601;CODE 260,L
322,860.000,1200.000,100.000,2601;CODE 260,
323,840.000,1050.000,100.000,2611;CODE 261,L
324,840.000,1200.000,100.000,2611;CODE 261,
325,820.000,1050.000,100.000,2621;CODE 262,L
326,820.000,1200.000,100.000,2621;CODE 262,
327,800.000,1050.000,100.000,2631;CODE 263,L
328,800.000,1200.000,100.000,2631;CODE 263,
329,780.000,1050.000,100.000,2641;CODE 264,L
330,780.000,1200.000,100.000,2641;CODE 264,
331,760.000,1050.000,100.000,2651;CODE 265,L
332,760.000,1200.000,100.000,2651;CODE 265,
333,740.000,1050.000,100.000,2661;CODE 266,L
334,740.000,1200.000,100.000,2661;CODE 266,
335,720.000,1050.000,100.000,2671;CODE 267,L
336,720.000,1200.000,100.000,2671;CODE 267,
337,700.000,1050.000,100.000,2681;CODE 268,L
338,700.000,1200.000,100.000,2681;CODE 268,
339,680.000,1050.000,100.000,2691;CODE 269,L
340,680.000,1200.000,100.000,2691;CODE 269,
341,660.000,1050.000,100.000,2701;CODE 270,L
342,660.000,1200.000,100.000,2701;CODE 270,
343,640.000,1050.000,100.000,2711;CODE 271,L
344,640.000,1200.000,100.000,2711;CODE 271,
345,620.000,1050.000,100.000,2721;CODE 272,L
346,620.000,1200.000,100.000,2721;CODE 272,
347,600.000,1050.000,100.000,2731;CODE 273,L
348,600.000,1200.000,100.000,2731;CODE 273,
349,580.000,1050.000,100.000,2741;CODE 274,L
350,580.000,1200.000,100.000,2741;CODE 274,
351,560.000,1050.000,100.000,2751;CODE 275,L
352,560.000,1200.000,100.000,2751;CODE 275,
353,540.000,1050.000,100.000,2761;CODE 276,L
354,540.000,1200.000,100.000,2761;CODE 276,
355,520.000,1050.000,100.000,2771;CODE 277,L
356,520.000,1200.000,100.000,2771;CODE 277,
357,500.000,1050.000,100.000,2781;CODE 278,L
358,500.000,1200.000,100.000,2781;CODE 278,
359,480.000,1050.000,100.000,2791;CODE 279,L
360,480.000,1200.000,100.000,2791;CODE 279,
361,460.000,1050.000,100.000,2801;CODE 280,L
362,460.000,1200.000,100.000,2801;CODE 280,
363,440.000,1050.000,100.000,2811;CODE 281,L
364,440.000,1200.000,100.000,2811;CODE 281,
365,420.000,1050.000,100.000,2821;CODE 282,L
366,420.000,1200.000,100.000,2821;CODE 282,
367,400.000,1050.000,100.000,2831;CODE 283,L
368,400.000,1200.000,100.000,2831;CODE 283,
369,380.000,1050.000,100.000,2841;CODE 284,L
370,380.000,1200.000,100.000,2841;CODE 284,
371,360.000,1050.000,100.000,2851;CODE 285,L
372,360.000,1200.000,100.000,2851;CODE 285,
373,340.000,1050.000,100.000,2861;CODE 286,L
374,340.000,1200.000,100.000,2861;CODE 286,
375,320.000,1050.000,100.000,2871;CODE 287,L
376,320.000,1200.000,100.000,2871;CODE 287,
377,300.000,1050.000,100.000,2881;CODE 288,L
378,300.000,1200.000,100.000,2881;CODE 288,
379,280.000,1050.000,100.000,2891;CODE 289,L
380,280.000,1200.000,100.000,2891;CODE 289,
381,260.000,1050.000,100.000,2901;CODE 290,L
382,260.000,1200.000,100.000,2901;CODE 290,
383,240.000,1050.000,100.000,2911;CODE 291,L
384,240.000,1200.000,100.000,2911;CODE 291,
385,220.000,1050.000,100.000,2921;CODE 292,L
386,220.000,1200.000,100.000,2921;CODE 292,
387,200.000,1050.000,100.000,2931;CODE 293,L
388,200.000,1200.000,100.000,2931;CODE 293,
389,180.000,1050.000,100.000,2941;CODE 294,L
390,180.000,1200.000,100.000,2941;CODE 294,
391,160.000,1050.000,100.000,2951;CODE 295,L
392,160.000,1200.000,100.000,2951;CODE 295,
393,140.000,1050.000,100.000,2961;CODE 296,L
394,140.000,1200.000,100.000,2961;CODE 296,
395,120.000,1050.000,100.000,2971;CODE 297,L
396,120.000,1200.000,100.000,2971;CODE 297,
397,100.000,1050.000,100.000,2981;CODE 298,L
398,100.000,1200.000,100.000,2981;CODE 298,
399,80.000,1050.000,100.000,2991;CODE 299,L
400,80.000,1200.000,100.000,2991;CODE 299,
401,60.000,1050.000,100.000,3001;CODE 300,L
402,60.000,1200.000,100.000,3001;CODE 300,
403,40.000,1050.000,100.000,3011;CODE 301,L
404,40.000,1200.000,100.000,3011;CODE 301,
405,20.000,1050.000,100.000,3021;CODE 302,L
406,20.000,1200.000,100.000,3021;CODE 302,
407,0.000,1050.000,100.000,3031;CODE 303,L
408,0.000,1200.000,100.000,3031;CODE 303,
409,1000.000,1400.000,100.000,3041;CODE 304,L
410,1000.000,1550.000,100.000,3041;CODE 304,
411,980.000,1400.000,100.000,3051;CODE 305,L
412,980.000,1550.000,100.000,3051;CODE 305,
413,960.000,1400.000,100.000,3061;CODE 306,L
414,960.000,1550.000,100.000,3061;CODE 306,
415,940.000,1400.000,100.000,3071;CODE 307,L
416,940.000,1550.000,100.000,3071;CODE 307,
417,920.000,1400.000,100.000,3081;CODE 308,L
418,920.000,1550.000,100.000,3081;CODE 308,
419,900.000,1400.000,100.000,3091;CODE 309,L
420,900.000,1550.000,100.000,3091;CODE 309,
421,880.000,1400.000,100.000,3101;CODE 310,L
422,880.000,1550.000,100.000,3101;CODE 310,
423,860.000,1400.000,100.000,3111;CODE 311,L
424,860.000,1550.000,100.000,3111;CODE 311,
425,840.000,1400.000,100.000,3121;CODE 312,L
426,840.000,1550.000,100.000,3121;CODE 312,
427,820.000,1400.000,100.000,3131;CODE 313,L
428,820.000,1550.000,100.000,3131;CODE 313,
429,800.000,1400.000,100.000,3141;CODE 314,L
430,800.000,1550.000,100.000,3141;CODE 314,
431,780.000,1400.000,100.000,3151;CODE 315,L
432,780.000,1550.000,100.000,3151;CODE 315,
433,760.000,1400.000,100.000,3161;CODE 316,L
434,760.000,1550.000,100.000,3161;CODE 316,
435,740.000,1400.000,100.000,3171;CODE 317,L
436,740.000,1550.000,100.000,3171;CODE 317,
437,720.000,1400.000,100.000,3181;CODE 318,L
438,720.000,1550.000,100.000,3181;CODE 318,
439,700.000,1400.000,100.000,3191;CODE 319,L
440,700.000,1550.000,100.000,3191;CODE 319,
441,680.000,1400.000,100.000,3201;CODE 320,L
442,680.000,1550.000,100.000,3201;CODE 320,
443,660.000,1400.000,100.000,3211;CODE 321,L
444,660.000,1550.000,100.000,3211;CODE 321,
445,640.000,1400.000,100.000,3221;CODE 322,L
446,640.000,1550.000,100.000,3221;CODE 322,
447,620.000,1400.000,100.000,3231;CODE 323,L
448,620.000,1550.000,100.000,3231;CODE 323,
449,600.000,1400.000,100.000,3241;CODE 324,L
450,600.000,1550.000,100.000,3241;CODE 324,
451,580.000,1400.000,100.000,3251;CODE 325,L
452,580.000,1550.000,100.000,3251;CODE 325,
453,560.000,1400.000,100.000,3261;CODE 326,L
454,560.000,1550.000,100.000,3261;CODE 326,
455,540.000,1400.000,100.000,3271;CODE 327,L
456,540.000,1550.000,100.000,3271;CODE 327,
457,520.000,1400.000,100.000,3281;CODE 328,L
458,520.000,1550.000,100.000,3281;CODE 328,
459,500.000,1400.000,100.000,3291;CODE 329,L
460,500.000,1550.000,100.000,3291;CODE 329,
461,480.000,1400.000,100.000,3301;CODE 330,L
462,480.000,1550.000,100.000,3301;CODE 330,
463,460.000,1400.000,100.000,3311;CODE 331,L
464,460.000,1550.000,100.000,3311;CODE 331,
465,440.000,1400.000,100.000,3321;CODE 332,L
466,440.000,1550.000,100.000,3321;CODE 332,
467,420.000,1400.000,100.000,3331;CODE 333,L
468,420.000,1550.000,100.000,3331;CODE 333,
469,400.000,1400.000,100.000,3341;CODE 334,L
470,400.000,1550.000,100.000,3341;CODE 334,
471,380.000,1400.000,100.000,3351;CODE 335,L
472,380.000,1550.000,100.000,3351;CODE 335,
473,360.000,1400.000,100.000,3361;CODE 336,L
474,360.000,1550.000,100.000,3361;CODE 336,
475,340.000,1400.000,100.000,3371;CODE 337,L
476,340.000,1550.000,100.000,3371;CODE 337,
477,320.000,1400.000,100.000,3381;CODE 338,L
478,320.000,1550.000,100.000,3381;CODE 338,
479,300.000,1400.000,100.000,3391;CODE 339,L
480,300.000,1550.000,100.000,3391;CODE 339,
481,280.000,1400.000,100.000,3401;CODE 340,L
482,280.000,1550.000,100.000,3401;CODE 340,
483,260.000,1400.000,100.000,3411;CODE 341,L
484,260.000,1550.000,100.000,3411;CODE 341,
485,240.000,1400.000,100.000,3421;CODE 342,L
486,240.000,1550.000,100.000,3421;CODE 342,
487,220.000,1400.000,100.000,3431;CODE 343,L
488,220.000,1550.000,100.000,3431;CODE 343,
489,200.000,1400.000,100.000,3441;CODE 344,L
490,200.000,1550.000,100.000,3441;CODE 344,
491,180.000,1400.000,100.000,3451;CODE 345,L
492,180.000,1550.000,100.000,3451;CODE 345,
493,160.000,1400.000,100.000,3461;CODE 346,L
494,160.000,1550.000,100.000,3461;CODE 346,
495,140.000,1400.000,100.000,3471;CODE 347,L
496,140.000,1550.000,100.000,3471;CODE 347,
497,120.000,1400.000,100.000,3481;CODE 348,L
498,120.000,1550.000,100.000,3481;CODE 348,
499,100.000,1400.000,100.000,3491;CODE 349,L
500,100.000,1550.000,100.000,3491;CODE 349,
501,80.000,1400.000,100.000,3501;CODE 350,L
502,80.000,1550.000,100.000,3501;CODE 350,
503,60.000,1400.000,100.000,3511;CODE 351,L
504,60.000,1550.000,100.000,3511;CODE 351,
505,40.000,1400.000,100.000,3521;CODE 352,L
506,40.000,1550.000,100.000,3521;CODE 352,
507,20.000,1400.000,100.000,3531;CODE 353,L
508,20.000,1550.000,100.000,3531;CODE 353,
509,0.000,1400.000,100.000,3541;CODE 354,L
510,0.000,1550.000,100.000,3541;CODE 354,
511,1000.000,1750.000,100.000,3551;CODE 355,L
512,1000.000,1900.000,100.000,3551;CODE 355,
513,980.000,1750.000,100.000,3561;CODE 356,L
514,980.000,1900.000,100.000,3561;CODE 356,
515,960.000,1750.000,100.000,3571;CODE 357,L
516,960.000,1900.000,100.000,3571;CODE 357,
517,940.000,1750.000,100.000,3581;CODE 358,L
518,940.000,1900.000,100.000,3581;CODE 358,
519,920.000,1750.000,100.000,3591;CODE 359,L
520,920.000,1900.000,100.000,3591;CODE 359,
521,900.000,1750.000,100.000,3601;CODE 360,L
522,900.000,1900.000,100.000,3601;CODE 360,
523,880.000,1750.000,100.000,3611;CODE 361,L
524,880.000,1900.000,100.000,3611;CODE 361,
525,860.000,1750.000,100.000,3621;CODE 362,L
526,860.000,1900.000,100.000,3621;CODE 362,
527,840.000,1750.000,100.000,3631;CODE 363,L
528,840.000,1900.000,100.000,3631;CODE 363,
529,820.000,1750.000,100.000,3641;CODE 364,L
530,820.000,1900.000,100.000,3641;CODE 364,
531,800.000,1750.000,100.000,3651;CODE 365,L
532,800.000,1900.000,100.000,3651;CODE 365,
533,780.000,1750.000,100.000,3661;CODE 366,L
534,780.000,1900.000,100.000,3661;CODE 366,
535,760.000,1750.000,100.000,3671;CODE 367,L
536,760.000,1900.000,100.000,3671;CODE 367,
537,740.000,1750.000,100.000,3681;CODE 368,L
538,740.000,1900.000,100.000,3681;CODE 368,
539,720.000,1750.000,100.000,3691;CODE 369,L
540,720.000,1900.000,100.000,3691;CODE 369,
541,700.000,1750.000,100.000,3701;CODE 370,L
542,700.000,1900.000,100.000,3701;CODE 370,
543,680.000,1750.000,100.000,3711;CODE 371,L
544,680.000,1900.000,100.000,3711;CODE 371,
545,660.000,1750.000,100.000,3721;CODE 372,L
546,660.000,1900.000,100.000,3721;CODE 372,
547,640.000,1750.000,100.000,3731;CODE 373,L
548,640.000,1900.000,100.000,3731;CODE 373,
549,620.000,1750.000,100.000,3741;CODE 374,L
550,620.000,1900.000,100.000,3741;CODE 374,
551,600.000,1750.000,100.000,3751;CODE 375,L
552,600.000,1900.000,100.000,3751;CODE 375,
553,580.000,1750.000,100.000,3761;CODE 376,L
554,580.000,1900.000,100.000,3761;CODE 376,
555,560.000,1750.000,100.000,3771;CODE 377,L
556,560.000,1900.000,100.000,3771;CODE 377,
557,540.000,1750.000,100.000,3781;CODE 378,L
558,540.000,1900.000,100.000,3781;CODE 378,
559,520.000,1750.000,100.000,3791;CODE 379,L
560,520.000,1900.000,100.000,3791;CODE 379,
561,500.000,1750.000,100.000,3801;CODE 380,L
562,500.000,1900.000,100.000,3801;CODE 380,
563,480.000,1750.000,100.000,3811;CODE 381,L
564,480.000,1900.000,100.000,3811;CODE 381,
565,460.000,1750.000,100.000,3821;CODE 382,L
566,460.000,1900.000,100.000,3821;CODE 382,
567,440.000,1750.000,100.000,3831;CODE 383,L
568,440.000,1900.000,100.000,3831;CODE 383,
569,420.000,1750.000,100.000,3841;CODE 384,L
570,420.000,1900.000,100.000,3841;CODE 384,
571,400.000,1750.000,100.000,3851;CODE 385,L
572,400.000,1900.000,100.000,3851;CODE 385,
573,380.000,1750.000,100.000,3861;CODE 386,L
574,380.000,1900.000,100.000,3861;CODE 386,
575,360.000,1750.000,100.000,3871;CODE 387,L
576,360.000,1900.000,100.000,3871;CODE 387,
577,340.000,1750.000,100.000,3881;CODE 388,L
578,340.000,1900.000,100.000,3881;CODE 388,
579,320.000,1750.000,100.000,3891;CODE 389,L
580,320.000,1900.000,100.000,3891;CODE 389,
581,300.000,1750.000,100.000,3901;CODE 390,L
582,300.000,1900.000,100.000,3901;CODE 390,
583,280.000,1750.000,100.000,3911;CODE 391,L
584,280.000,1900.000,100.000,3911;CODE 391,
585,260.000,1750.000,100.000,3921;CODE 392,L
586,260.000,1900.000,100.000,3921;CODE 392,
587,240.000,1750.000,100.000,3931;CODE 393,L
588,240.000,1900.000,100.000,3931;CODE 393,
589,220.000,1750.000,100.000,3941;CODE 394,L
590,220.000,1900.000,100.000,3941;CODE 394,
591,200.000,1750.000,100.000,3951;CODE 395,L
592,200.000,1900.000,100.000,3951;CODE 395,
593,180.000,1750.000,100.000,3961;CODE 396,L
594,180.000,1900.000,100.000,3961;CODE 396,
595,160.000,1750.000,100.000,3971;CODE 397,L
596,160.000,1900.000,100.000,3971;CODE 397,
597,140.000,1750.000,100.000,3981;CODE 398,L
598,140.000,1900.000,100.000,3981;CODE 398,
599,120.000,1750.000,100.000,3991;CODE 399,L
600,120.000,1900.000,100.000,3991;CODE 399,
601,100.000,1750.000,100.000,4001;CODE 400,L
602,100.000,1900.000,100.000,4001;CODE 400,
603,80.000,1750.000,100.000,4011;CODE 401,L
604,80.000,1900.000,100.000,4011;CODE 401,
605,60.000,1750.000,100.000,4021;CODE 402,L
606,60.000,1900.000,100.000,4021;CODE 402,
607,40.000,1750.000,100.000,4031;CODE 403,L
608,40.000,1900.000,100.000,4031;CODE 403,
609,20.000,1750.000,100.000,4041;CODE 404,L
610,20.000,1900.000,100.000,4041;CODE 404,
611,0.000,1750.000,100.000,4051;CODE 405,L
612,0.000,1900.000,100.000,4051;CODE 405,
613,1000.000,2100.000,100.000,4061;CODE 406,L
614,1000.000,2250.000,100.000,4061;CODE 406,
615,980.000,2100.000,100.000,4071;CODE 407,L
616,980.000,2250.000,100.000,4071;CODE 407,
617,960.000,2100.000,100.000,4081;CODE 408,L
618,960.000,2250.000,100.000,4081;CODE 408,
619,940.000,2100.000,100.000,4091;CODE 409,L
620,940.000,2250.000,100.000,4091;CODE 409,
621,920.000,2100.000,100.000,4101;CODE 410,L
622,920.000,2250.000,100.000,4101;CODE 410,
623,900.000,2100.000,100.000,4111;CODE 411,L
624,900.000,2250.000,100.000,4111;CODE 411,
625,880.000,2100.000,100.000,4121;CODE 412,L
626,880.000,2250.000,100.000,4121;CODE 412,
627,860.000,2100.000,100.000,4131;CODE 413,L
628,860.000,2250.000,100.000,4131;CODE 413,
629,840.000,2100.000,100.000,4141;CODE 414,L
630,840.000,2250.000,100.000,4141;CODE 414,
631,820.000,2100.000,100.000,4151;CODE 415,L
632,820.000,2250.000,100.000,4151;CODE 415,
633,800.000,2100.000,100.000,4161;CODE 416,L
634,800.000,2250.000,100.000,4161;CODE 416,
635,780.000,2100.000,100.000,4171;CODE 417,L
636,780.000,2250.000,100.000,4171;CODE 417,
637,760.000,2100.000,100.000,4181;CODE 418,L
638,760.000,2250.000,100.000,4181;CODE 418,
639,740.000,2100.000,100.000,4191;CODE 419,L
640,740.000,2250.000,100.000,4191;CODE 419,
641,720.000,2100.000,100.000,4201;CODE 420,L
642,720.000,2250.000,100.000,4201;CODE 420,
643,700.000,2100.000,100.000,4211;CODE 421,L
644,700.000,2250.000,100.000,4211;CODE 421,
645,680.000,2100.000,100.000,4221;CODE 422,L
646,680.000,2250.000,100.000,4221;CODE 422,
647,660.000,2100.000,100.000,4231;CODE 423,L
648,660.000,2250.000,100.000,4231;CODE 423,
649,640.000,2100.000,100.000,4241;CODE 424,L
650,640.000,2250.000,100.000,4241;CODE 424,
651,620.000,2100.000,100.000,4251;CODE 425,L
652,620.000,2250.000,100.000,4251;CODE 425,
653,600.000,2100.000,100.000,4261;CODE 426,L
654,600.000,2250.000,100.000,4261;CODE 426,
655,580.000,2100.000,100.000,4271;CODE 427,L
656,580.000,2250.000,100.000,4271;CODE 427,
657,560.000,2100.000,100.000,4281;CODE 428,L
658,560.000,2250.000,100.000,4281;CODE 428,
659,540.000,2100.000,100.000,4291;CODE 429,L
660,540.000,2250.000,100.000,4291;CODE 429,
661,520.000,2100.000,100.000,4301;CODE 430,L
662,520.000,2250.000,100.000,4301;CODE 430,
663,500.000,2100.000,100.000,4311;CODE 431,L
664,500.000,2250.000,100.000,4311;CODE 431,
665,480.000,2100.000,100.000,4321;CODE 432,L
666,480.000,2250.000,100.000,4321;CODE 432,
667,460.000,2100.000,100.000,4331;CODE 433,L
668,460.000,2250.000,100.000,4331;CODE 433,
669,440.000,2100.000,100.000,4341;CODE 434,L
670,440.000,2250.000,100.000,4341;CODE 434,
671,420.000,2100.000,100.000,4351;CODE 435,L
672,420.000,2250.000,100.000,4351;CODE 435,
673,400.000,2100.000,100.000,4361;CODE 436,L
674,400.000,2250.000,100.000,4361;CODE 436,
675,380.000,2100.000,100.000,4371;CODE 437,L
676,380.000,2250.000,100.000,4371;CODE 437,
677,360.000,2100.000,100.000,4381;CODE 438,L
678,360.000,2250.000,100.000,4381;CODE 438,
679,340.000,2100.000,100.000,4391;CODE 439,L
680,340.000,2250.000,100.000,4391;CODE 439,
681,320.000,2100.000,100.000,4401;CODE 440,L
682,320.000,2250.000,100.000,4401;CODE 440,
683,300.000,2100.000,100.000,4411;CODE 441,L
684,300.000,2250.000,100.000,4411;CODE 441,
685,280.000,2100.000,100.000,4421;CODE 442,L
686,280.000,2250.000,100.000,4421;CODE 442,
687,260.000,2100.000,100.000,4431;CODE 443,L
688,260.000,2250.000,100.000,4431;CODE 443,
689,240.000,2100.000,100.000,4441;CODE 444,L
690,240.000,2250.000,100.000,4441;CODE 444,
691,220.000,2100.000,100.000,4451;CODE 445,L
692,220.000,2250.000,100.000,4451;CODE 445,
693,200.000,2100.000,100.000,4461;CODE 446,L
694,200.000,2250.000,100.000,4461;CODE 446,
695,180.000,2100.000,100.000,4471;CODE 447,L
696,180.000,2250.000,100.000,4471;CODE 447,
697,160.000,2100.000,100.000,4481;CODE 448,L
698,160.000,2250.000,100.000,4481;CODE 448,
699,140.000,2100.000,100.000,4491;CODE 449,L
700,140.000,2250.000,100.000,4491;CODE 449,
701,120.000,2100.000,100.000,4501;CODE 450,L
702,120.000,2250.000,100.000,4501;CODE 450,
703,100.000,2100.000,100.000,4511;CODE 451,L
704,100.000,2250.000,100.000,4511;CODE 451,
705,80.000,2100.000,100.000,4521;CODE 452,L
706,80.000,2250.000,100.000,4521;CODE 452,
707,60.000,2100.000,100.000,4531;CODE 453,L
708,60.000,2250.000,100.000,4531;CODE 453,
709,40.000,2100.000,100.000,4541;CODE 454,L
710,40.000,2250.000,100.000,4541;CODE 454,
711,20.000,2100.000,100.000,4551;CODE 455,L
712,20.000,2250.000,100.000,4551;CODE 455,
713,0.000,2100.000,100.000,4561;CODE 456,L
714,0.000,2250.000,100.000,4561;CODE 456,
715,1000.000,2450.000,100.000,4571;CODE 457,L
716,1000.000,2600.000,100.000,4571;CODE 457,
717,980.000,2450.000,100.000,4581;CODE 458,L
718,980.000,2600.000,100.000,4581;CODE 458,
719,960.000,2450.000,100.000,4591;CODE 459,L
720,960.000,2600.000,100.000,4591;CODE 459,
721,940.000,2450.000,100.000,4601;CODE 460,L
722,940.000,2600.000,100.000,4601;CODE 460,
723,920.000,2450.000,100.000,4611;CODE 461,L
724,920.000,2600.000,100.000,4611;CODE 461,
725,900.000,2450.000,100.000,4621;CODE 462,L
726,900.000,2600.000,100.000,4621;CODE 462,
727,880.000,2450.000,100.000,4631;CODE 463,L
728,880.000,2600.000,100.000,4631;CODE 463,
729,860.000,2450.000,100.000,4641;CODE 464,L
730,860.000,2600.000,100.000,4641;CODE 464,
731,840.000,2450.000,100.000,4651;CODE 465,L
732,840.000,2600.000,100.000,4651;CODE 465,
733,820.000,2450.000,100.000,4661;CODE 466,L
734,820.000,2600.000,100.000,4661;CODE 466,
735,800.000,2450.000,100.000,4671;CODE 467,L
736,800.000,2600.000,100.000,4671;CODE 467,
737,780.000,2450.000,100.000,4681;CODE 468,L
738,780.000,2600.000,100.000,4681;CODE 468,
739,760.000,2450.000,100.000,4691;CODE 469,L
740,760.000,2600.000,100.000,4691;CODE 469,
741,740.000,2450.000,100.000,4701;CODE 470,L
742,740.000,2600.000,100.000,4701;CODE 470,
743,720.000,2450.000,100.000,4711;CODE 471,L
744,720.000,2600.000,100.000,4711;CODE 471,
745,700.000,2450.000,100.000,4721;CODE 472,L
746,700.000,2600.000,100.000,4721;CODE 472,
747,680.000,2450.000,100.000,4731;CODE 473,L
748,680.000,2600.000,100.000,4731;CODE 473,
749,660.000,2450.000,100.000,4741;CODE 474,L
750,660.000,2600.000,100.000,4741;CODE 474,
751,640.000,2450.000,100.000,4751;CODE 475,L
752,640.000,2600.000,100.000,4751;CODE 475,
753,620.000,2450.000,100.000,4761;CODE 476,L
754,620.000,2600.000,100.000,4761;CODE 476,
755,600.000,2450.000,100.000,4771;CODE 477,L
756,600.000,2600.000,100.000,4771;CODE 477,
757,580.000,2450.000,100.000,4781;CODE 478,L
758,580.000,2600.000,100.000,4781;CODE 478,
759,560.000,2450.000,100.000,4791;CODE 479,L
760,560.000,2600.000,100.000,4791;CODE 479,
761,540.000,2450.000,100.000,4801;CODE 480,L
762,540.000,2600.000,100.000,4801;CODE 480,
763,520.000,2450.000,100.000,4811;CODE 481,L
764,520.000,2600.000,100.000,4811;CODE 481,
765,500.000,2450.000,100.000,4821;CODE 482,L
766,500.000,2600.000,100.000,4821;CODE 482,
767,480.000,2450.000,100.000,4831;CODE 483,L
768,480.000,2600.000,100.000,4831;CODE 483,
769,460.000,2450.000,100.000,4841;CODE 484,L
770,460.000,2600.000,100.000,4841;CODE 484,
771,440.000,2450.000,100.000,4851;CODE 485,L
772,440.000,2600.000,100.000,4851;CODE 485,
773,420.000,2450.000,100.000,4861;CODE 486,L
774,420.000,2600.000,100.000,4861;CODE 486,
775,400.000,2450.000,100.000,4871;CODE 487,L
776,400.000,2600.000,100.000,4871;CODE 487,
777,380.000,2450.000,100.000,4881;CODE 488,L
778,380.000,2600.000,100.000,4881;CODE 488,
779,360.000,2450.000,100.000,4891;CODE 489,L
780,360.000,2600.000,100.000,4891;CODE 489,
781,340.000,2450.000,100.000,4901;CODE 490,L
782,340.000,2600.000,100.000,4901;CODE 490,
783,320.000,2450.000,100.000,4911;CODE 491,L
784,320.000,2600.000,100.000,4911;CODE 491,
785,300.000,2450.000,100.000,4921;CODE 492,L
786,300.000,2600.000,100.000,4921;CODE 492,
787,280.000,2450.000,100.000,4931;CODE 493,L
788,280.000,2600.000,100.000,4931;CODE 493,
789,260.000,2450.000,100.000,4941;CODE 494,L
790,260.000,2600.000,100.000,4941;CODE 494,
791,240.000,2450.000,100.000,4951;CODE 495,L
792,240.000,2600.000,100.000,4951;CODE 495,
793,220.000,2450.000,100.000,4961;CODE 496,L
794,220.000,2600.000,100.000,4961;CODE 496,
795,200.000,2450.000,100.000,4971;CODE 497,L
796,200.000,2600.000,100.000,4971;CODE 497,
797,180.000,2450.000,100.000,4981;CODE 498,L
798,180.000,2600.000,100.000,4981;CODE 498,
799,160.000,2450.000,100.000,4991;CODE 499,L
800,160.000,2600.000,100.000,4991;CODE 499,
801,140.000,2450.000,100.000,5001;CODE 500,L
802,140.000,2600.000,100.000,5001;CODE 500,
803,120.000,2450.000,100.000,5011;CODE 501,L
804,120.000,2600.000,100.000,5011;CODE 501,
805,100.000,2450.000,100.000,5021;CODE 502,L
806,100.000,2600.000,100.000,5021;CODE 502,
807,80.000,2450.000,100.000,5031;CODE 503,L
808,80.000,2600.000,100.000,5031;CODE 503,
809,60.000,2450.000,100.000,5041;CODE 504,L
810,60.000,2600.000,100.000,5041;CODE 504,
811,40.000,2450.000,100.000,5051;CODE 505,L
812,40.000,2600.000,100.000,5051;CODE 505,
813,20.000,2450.000,100.000,5061;CODE 506,L
814,20.000,2600.000,100.000,5061;CODE 506,
815,0.000,2450.000,100.000,5071;CODE 507,L
816,0.000,2600.000,100.000,5071;CODE 507,
817,1000.000,2800.000,100.000,5081;CODE 508,L
818,1000.000,2950.000,100.000,5081;CODE 508,
819,980.000,2800.000,100.000,5091;CODE 509,L
820,980.000,2950.000,100.000,5091;CODE 509,
821,960.000,2800.000,100.000,5101;CODE 510,L
822,960.000,2950.000,100.000,5101;CODE 510,
823,940.000,2800.000,100.000,5111;CODE 511,L
824,940.000,2950.000,100.000,5111;CODE 511,
825,920.000,2800.000,100.000,5121;CODE 512,L
826,920.000,2950.000,100.000,5121;CODE 512,
827,900.000,2800.000,100.000,5131;CODE 513,L
828,900.000,2950.000,100.000,5131;CODE 513,
829,880.000,2800.000,100.000,5141;CODE 514,L
830,880.000,2950.000,100.000,5141;CODE 514,
831,860.000,2800.000,100.000,5151;CODE 515,L
832,860.000,2950.000,100.000,5151;CODE 515,
833,840.000,2800.000,100.000,5161;CODE 516,L
834,840.000,2950.000,100.000,5161;CODE 516,
835,820.000,2800.000,100.000,5171;CODE 517,L
836,820.000,2950.000,100.000,5171;CODE 517,
837,800.000,2800.000,100.000,5181;CODE 518,L
838,800.000,2950.000,100.000,5181;CODE 518,
839,780.000,2800.000,100.000,5191;CODE 519,L
840,780.000,2950.000,100.000,5191;CODE 519,
841,760.000,2800.000,100.000,5201;CODE 520,L
842,760.000,2950.000,100.000,5201;CODE 520,
843,740.000,2800.000,100.000,5211;CODE 521,L
844,740.000,2950.000,100.000,5211;CODE 521,
845,720.000,2800.000,100.000,5221;CODE 522,L
846,720.000,2950.000,100.000,5221;CODE 522,
847,700.000,2800.000,100.000,5231;CODE 523,L
848,700.000,2950.000,100.000,5231;CODE 523,
849,680.000,2800.000,100.000,5241;CODE 524,L
850,680.000,2950.000,100.000,5241;CODE 524,
851,660.000,2800.000,100.000,5251;CODE 525,L
852,660.000,2950.000,100.000,5251;CODE 525,
853,640.000,2800.000,100.000,5261;CODE 526,L
854,640.000,2950.000,100.000,5261;CODE 526,
855,620.000,2800.000,100.000,5271;CODE 527,L
856,620.000,2950.000,100.000,5271;CODE 527,
857,600.000,2800.000,100.000,5281;CODE 528,L
858,600.000,2950.000,100.000,5281;CODE 528,
859,580.000,2800.000,100.000,5291;CODE 529,L
860,580.000,2950.000,100.000,5291;CODE 529,
861,560.000,2800.000,100.000,5301;CODE 530,L
862,560.000,2950.000,100.000,5301;CODE 530,
863,540.000,2800.000,100.000,5311;CODE 531,L
864,540.000,2950.000,100.000,5311;CODE 531,
865,520.000,2800.000,100.000,5321;CODE 532,L
866,520.000,2950.000,100.000,5321;CODE 532,
867,500.000,2800.000,100.000,5331;CODE 533,L
868,500.000,2950.000,100.000,5331;CODE 533,
869,480.000,2800.000,100.000,5341;CODE 534,L
870,480.000,2950.000,100.000,5341;CODE 534,
871,460.000,2800.000,100.000,5351;CODE 535,L
872,460.000,2950.000,100.000,5351;CODE 535,
873,440.000,2800.000,100.000,5361;CODE 536,L
874,440.000,2950.000,100.000,5361;CODE 536,
875,420.000,2800.000,100.000,5371;CODE 537,L
876,420.000,2950.000,100.000,5371;CODE 537,
877,400.000,2800.000,100.000,5381;CODE 538,L
878,400.000,2950.000,100.000,5381;CODE 538,
879,380.000,2800.000,100.000,5391;CODE 539,L
880,380.000,2950.000,100.000,5391;CODE 539,
881,360.000,2800.000,100.000,5401;CODE 540,L
882,360.000,2950.000,100.000,5401;CODE 540,
883,340.000,2800.000,100.000,5411;CODE 541,L
884,340.000,2950.000,100.000,5411;CODE 541,
885,320.000,2800.000,100.000,5421;CODE 542,L
886,320.000,2950.000,100.000,5421;CODE 542,
887,300.000,2800.000,100.000,5431;CODE 543,L
888,300.000,2950.000,100.000,5431;CODE 543,
889,280.000,2800.000,100.000,5441;CODE 544,L
890,280.000,2950.000,100.000,5441;CODE 544,
891,260.000,2800.000,100.000,5451;CODE 545,L
892,260.000,2950.000,100.000,5451;CODE 545,
893,240.000,2800.000,100.000,5461;CODE 546,L
894,240.000,2950.000,100.000,5461;CODE 546,
895,220.000,2800.000,100.000,5471;CODE 547,L
896,220.000,2950.000,100.000,5471;CODE 547,
897,200.000,2800.000,100.000,5481;CODE 548,L
898,200.000,2950.000,100.000,5481;CODE 548,
899,180.000,2800.000,100.000,5491;CODE 549,L
900,180.000,2950.000,100.000,5491;CODE 549,
901,160.000,2800.000,100.000,5501;CODE 550,L
902,160.000,2950.000,100.000,5501;CODE 550,
903,140.000,2800.000,100.000,5511;CODE 551,L
904,140.000,2950.000,100.000,5511;CODE 551,
905,120.000,2800.000,100.000,5521;CODE 552,L
906,120.000,2950.000,100.000,5521;CODE 552,
907,100.000,2800.000,100.000,5531;CODE 553,L
908,100.000,2950.000,100.000,5531;CODE 553,
909,80.000,2800.000,100.000,5541;CODE 554,L
910,80.000,2950.000,100.000,5541;CODE 554,
911,60.000,2800.000,100.000,5551;CODE 555,L
912,60.000,2950.000,100.000,5551;CODE 555,
913,40.000,2800.000,100.000,5561;CODE 556,L
914,40.000,2950.000,100.000,5561;CODE 556,
915,20.000,2800.000,100.000,5571;CODE 557,L
916,20.000,2950.000,100.000,5571;CODE 557,
917,0.000,2800.000,100.000,5581;CODE 558,L
918,0.000,2950.000,100.000,5581;CODE 558,
919,1000.000,3150.000,100.000,5591;CODE 559,L
920,1000.000,3300.000,100.000,5591;CODE 559,
921,980.000,3150.000,100.000,5601;CODE 560,L
922,980.000,3300.000,100.000,5601;CODE 560,
923,960.000,3150.000,100.000,5611;CODE 561,L
924,960.000,3300.000,100.000,5611;CODE 561,
925,940.000,3150.000,100.000,5621;CODE 562,L
926,940.000,3300.000,100.000,5621;CODE 562,
927,920.000,3150.000,100.000,5631;CODE 563,L
928,920.000,3300.000,100.000,5631;CODE 563,
929,900.000,3150.000,100.000,5641;CODE 564,L
930,900.000,3300.000,100.000,5641;CODE 564,
931,880.000,3150.000,100.000,5651;CODE 565,L
932,880.000,3300.000,100.000,5651;CODE 565,
933,860.000,3150.000,100.000,5661;CODE 566,L
934,860.000,3300.000,100.000,5661;CODE 566,
935,840.000,3150.000,100.000,5671;CODE 567,L
936,840.000,3300.000,100.000,5671;CODE 567,
937,820.000,3150.000,100.000,5681;CODE 568,L
938,820.000,3300.000,100.000,5681;CODE 568,
939,800.000,3150.000,100.000,5691;CODE 569,L
940,800.000,3300.000,100.000,5691;CODE 569,
941,780.000,3150.000,100.000,5701;CODE 570,L
942,780.000,3300.000,100.000,5701;CODE 570,
943,760.000,3150.000,100.000,5711;CODE 571,L
944,760.000,3300.000,100.000,5711;CODE 571,
945,740.000,3150.000,100.000,5721;CODE 572,L
946,740.000,3300.000,100.000,5721;CODE 572,
947,720.000,3150.000,100.000,5731;CODE 573,L
948,720.000,3300.000,100.000,5731;CODE 573,
949,700.000,3150.000,100.000,5741;CODE 574,L
950,700.000,3300.000,100.000,5741;CODE 574,
951,680.000,3150.000,100.000,5751;CODE 575,L
952,680.000,3300.000,100.000,5751;CODE 575,
953,660.000,3150.000,100.000,5761;CODE 576,L
954,660.000,3300.000,100.000,5761;CODE 576,
955,640.000,3150.000,100.000,5771;CODE 577,L
956,640.000,3300.000,100.000,5771;CODE 577,
957,620.000,3150.000,100.000,5781;CODE 578,L
958,620.000,3300.000,100.000,5781;CODE 578,
959,600.000,3150.000,100.000,5791;CODE 579,L
960,600.000,3300.000,100.000,5791;CODE 579,
961,580.000,3150.000,100.000,5801;CODE 580,L
962,580.000,3300.000,100.000,5801;CODE 580,
963,560.000,3150.000,100.000,5811;CODE 581,L
964,560.000,3300.000,100.000,5811;CODE 581,
965,540.000,3150.000,100.000,5821;CODE 582,L
966,540.000,3300.000,100.000,5821;CODE 582,
967,520.000,3150.000,100.000,5831;CODE 583,L
968,520.000,3300.000,100.000,5831;CODE 583,
969,500.000,3150.000,100.000,5841;CODE 584,L
970,500.000,3300.000,100.000,5841;CODE 584,
971,480.000,3150.000,100.000,5851;CODE 585,L
972,480.000,3300.000,100.000,5851;CODE 585,
973,460.000,3150.000,100.000,5861;CODE 586,L
974,460.000,3300.000,100.000,5861;CODE 586,
975,440.000,3150.000,100.000,5871;CODE 587,L
976,440.000,3300.000,100.000,5871;CODE 587,
977,420.000,3150.000,100.000,5881;CODE 588,L
978,420.000,3300.000,100.000,5881;CODE 588,
979,400.000,3150.000,100.000,5891;CODE 589,L
980,400.000,3300.000,100.000,5891;CODE 589,
981,380.000,3150.000,100.000,5901;CODE 590,L
982,380.000,3300.000,100.000,5901;CODE 590,
983,360.000,3150.000,100.000,5911;CODE 591,L
984,360.000,3300.000,100.000,5911;CODE 591,
985,340.000,3150.000,100.000,5921;CODE 592,L
986,340.000,3300.000,100.000,5921;CODE 592,
987,320.000,3150.000,100.000,5931;CODE 593,L
988,320.000,3300.000,100.000,5931;CODE 593,
989,300.000,3150.000,100.000,5941;CODE 594,L
990,300.000,3300.000,100.000,5941;CODE 594,
991,280.000,3150.000,100.000,5951;CODE 595,L
992,280.000,3300.000,100.000,5951;CODE 595,
993,260.000,3150.000,100.000,5961;CODE 596,L
994,260.000,3300.000,100.000,5961;CODE 596,
995,240.000,3150.000,100.000,5971;CODE 597,L
996,240.000,3300.000,100.000,5971;CODE 597,
997,220.000,3150.000,100.000,5981;CODE 598,L
998,220.000,3300.000,100.000,5981;CODE 598,
999,200.000,3150.000,100.000,5991;CODE 599,L
1000,200.000,3300.000,100.000,5991;CODE 599,
1001,180.000,3150.000,100.000,6001;CODE 600,L
1002,180.000,3300.000,100.000,6001;CODE 600,
1003,160.000,3150.000,100.000,6011;CODE 601,L
1004,160.000,3300.000,100.000,6011;CODE 601,
1005,140.000,3150.000,100.000,6021;CODE 602,L
1006,140.000,3300.000,100.000,6021;CODE 602,
1007,120.000,3150.000,100.000,6031;CODE 603,L
1008,120.000,3300.000,100.000,6031;CODE 603,
1009,100.000,3150.000,100.000,6041;CODE 604,L
1010,100.000,3300.000,100.000,6041;CODE 604,
1011,80.000,3150.000,100.000,6051;CODE 605,L
1012,80.000,3300.000,100.000,6051;CODE 605,
1013,60.000,3150.000,100.000,6061;CODE 606,L
1014,60.000,3300.000,100.000,6061;CODE 606,
1015,40.000,3150.000,100.000,6071;CODE 607,L
1016,40.000,3300.000,100.000,6071;CODE 607,
1017,20.000,3150.000,100.000,6081;CODE 608,L
1018,20.000,3300.000,100.000,6081;CODE 608,
1019,0.000,3150.000,100.000,6091;CODE 609,L
1020,0.000,3300.000,100.000,6091;CODE 609,
1021,1000.000,3500.000,100.000,6101;CODE 610,L
1022,1000.000,3650.000,100.000,6101;CODE 610,
1023,980.000,3500.000,100.000,6111;CODE 611,L
1024,980.000,3650.000,100.000,6111;CODE 611,
1025,960.000,3500.000,100.000,6121;CODE 612,L
1026,960.000,3650.000,100.000,6121;CODE 612,
1027,940.000,3500.000,100.000,6131;CODE 613,L
1028,940.000,3650.000,100.000,6131;CODE 613,
1029,920.000,3500.000,100.000,6141;CODE 614,L
1030,920.000,3650.000,100.000,6141;CODE 614,
1031,900.000,3500.000,100.000,6151;CODE 615,L
1032,900.000,3650.000,100.000,6151;CODE 615,
1033,880.000,3500.000,100.000,6161;CODE 616,L
1034,880.000,3650.000,100.000,6161;CODE 616,
1035,860.000,3500.000,100.000,6171;CODE 617,L
1036,860.000,3650.000,100.000,6171;CODE 617,
1037,840.000,3500.000,100.000,6181;CODE 618,L
1038,840.000,3650.000,100.000,6181;CODE 618,
1039,820.000,3500.000,100.000,6191;CODE 619,L
1040,820.000,3650.000,100.000,6191;CODE 619,
1041,800.000,3500.000,100.000,6201;CODE 620,L
1042,800.000,3650.000,100.000,6201;CODE 620,
1043,780.000,3500.000,100.000,6211;CODE 621,L
1044,780.000,3650.000,100.000,6211;CODE 621,
1045,760.000,3500.000,100.000,6221;CODE 622,L
1046,760.000,3650.000,100.000,6221;CODE 622,
1047,740.000,3500.000,100.000,6231;CODE 623,L
1048,740.000,3650.000,100.000,6231;CODE 623,
1049,720.000,3500.000,100.000,6241;CODE 624,L
1050,720.000,3650.000,100.000,6241;CODE 624,
1051,700.000,3500.000,100.000,6251;CODE 625,L
1052,700.000,3650.000,100.000,6251;CODE 625,
1053,680.000,3500.000,100.000,6261;CODE 626,L
1054,680.000,3650.000,100.000,6261;CODE 626,
1055,660.000,3500.000,100.000,6271;CODE 627,L
1056,660.000,3650.000,100.000,6271;CODE 627,
1057,640.000,3500.000,100.000,6281;CODE 628,L
1058,640.000,3650.000,100.000,6281;CODE 628,
1059,620.000,3500.000,100.000,6291;CODE 629,L
1060,620.000,3650.000,100.000,6291;CODE 629,
1061,600.000,3500.000,100.000,6301;CODE 630,L
1062,600.000,3650.000,100.000,6301;CODE 630,
1063,580.000,3500.000,100.000,6311;CODE 631,L
1064,580.000,3650.000,100.000,6311;CODE 631,
1065,560.000,3500.000,100.000,6321;CODE 632,L
1066,560.000,3650.000,100.000,6321;CODE 632,
1067,540.000,3500.000,100.000,6331;CODE 633,L
1068,540.000,3650.000,100.000,6331;CODE 633,
1069,520.000,3500.000,100.000,6341;CODE 634,L
1070,520.000,3650.000,100.000,6341;CODE 634,
1071,500.000,3500.000,100.000,6351;CODE 635,L
1072,500.000,3650.000,100.000,6351;CODE 635,
1073,480.000,3500.000,100.000,6361;CODE 636,L
1074,480.000,3650.000,100.000,6361;CODE 636,
1075,460.000,3500.000,100.000,6371;CODE 637,L
1076,460.000,3650.000,100.000,6371;CODE 637,
1077,440.000,3500.000,100.000,6381;CODE 638,L
1078,440.000,3650.000,100.000,6381;CODE 638,
1079,420.000,3500.000,100.000,6391;CODE 639,L
1080,420.000,3650.000,100.000,6391;CODE 639,
1081,400.000,3500.000,100.000,6401;CODE 640,L
1082,400.000,3650.000,100.000,6401;CODE 640,
1083,380.000,3500.000,100.000,6411;CODE 641,L
1084,380.000,3650.000,100.000,6411;CODE 641,
1085,360.000,3500.000,100.000,6421;CODE 642,L
1086,360.000,3650.000,100.000,6421;CODE 642,
1087,340.000,3500.000,100.000,6431;CODE 643,L
1088,340.000,3650.000,100.000,6431;CODE 643,
1089,320.000,3500.000,100.000,6441;CODE 644,L
1090,320.000,3650.000,100.000,6441;CODE 644,
1091,300.000,3500.000,100.000,6451;CODE 645,L
1092,300.000,3650.000,100.000,6451;CODE 645,
1093,280.000,3500.000,100.000,6461;CODE 646,L
1094,280.000,3650.000,100.000,6461;CODE 646,
1095,260.000,3500.000,100.000,6471;CODE 647,L
1096,260.000,3650.000,100.000,6471;CODE 647,
1097,240.000,3500.000,100.000,6481;CODE 648,L
1098,240.000,3650.000,100.000,6481;CODE 648,
1099,220.000,3500.000,100.000,6491;CODE 649,L
1100,220.000,3650.000,100.000,6491;CODE 649,
1101,200.000,3500.000,100.000,6501;CODE 650,L
1102,200.000,3650.000,100.000,6501;CODE 650,
1103,180.000,3500.000,100.000,6511;CODE 651,L
1104,180.000,3650.000,100.000,6511;CODE 651,
1105,160.000,3500.000,100.000,6521;CODE 652,L
1106,160.000,3650.000,100.000,6521;CODE 652,
1107,140.000,3500.000,100.000,6531;CODE 653,L
1108,140.000,3650.000,100.000,6531;CODE 653,
1109,120.000,3500.000,100.000,6541;CODE 654,L
1110,120.000,3650.000,100.000,6541;CODE 654,
1111,100.000,3500.000,100.000,6551;CODE 655,L
1112,100.000,3650.000,100.000,6551;CODE 655,
1113,80.000,3500.000,100.000,6561;CODE 656,L
1114,80.000,3650.000,100.000,6561;CODE 656,
1115,60.000,3500.000,100.000,6571;CODE 657,L
1116,60.000,3650.000,100.000,6571;CODE 657,
1117,40.000,3500.000,100.000,6581;CODE 658,L
1118,40.000,3650.000,100.000,6581;CODE 658,
1119,20.000,3500.000,100.000,6591;CODE 659,L
1120,20.000,3650.000,100.000,6591;CODE 659,
1121,0.000,3500.000,100.000,6601;CODE 660,L
1122,0.000,3650.000,100.000,6601;CODE 660,
1123,1000.000,3850.000,100.000,6611;CODE 661,L
1124,1000.000,4000.000,100.000,6611;CODE 661,
1125,980.000,3850.000,100.000,6621;CODE 662,L
1126,980.000,4000.000,100.000,6621;CODE 662,
1127,960.000,3850.000,100.000,6631;CODE 663,L
1128,960.000,4000.000,100.000,6631;CODE 663,
1129,940.000,3850.000,100.000,6641;CODE 664,L
1130,940.000,4000.000,100.000,6641;CODE 664,
1131,920.000,3850.000,100.000,6651;CODE 665,L
1132,920.000,4000.000,100.000,6651;CODE 665,
1133,900.000,3850.000,100.000,6661;CODE 666,L
1134,900.000,4000.000,100.000,6661;CODE 666,
1135,880.000,3850.000,100.000,6671;CODE 667,L
1136,880.000,4000.000,100.000,6671;CODE 667,
1137,860.000,3850.000,100.000,6681;CODE 668,L
1138,860.000,4000.000,100.000,6681;CODE 668,
1139,840.000,3850.000,100.000,6691;CODE 669,L
1140,840.000,4000.000,100.000,6691;CODE 669,
1141,820.000,3850.000,100.000,6701;CODE 670,L
1142,820.000,4000.000,100.000,6701;CODE 670,
1143,800.000,3850.000,100.000,6711;CODE 671,L
1144,800.000,4000.000,100.000,6711;CODE 671,
1145,780.000,3850.000,100.000,6721;CODE 672,L
1146,780.000,4000.000,100.000,6721;CODE 672,
1147,760.000,3850.000,100.000,6731;CODE 673,L
1148,760.000,4000.000,100.000,6731;CODE 673,
1149,740.000,3850.000,100.000,6741;CODE 674,L
1150,740.000,4000.000,100.000,6741;CODE 674,
1151,720.000,3850.000,100.000,6751;CODE 675,L
1152,720.000,4000.000,100.000,6751;CODE 675,
1153,700.000,3850.000,100.000,6761;CODE 676,L
1154,700.000,4000.000,100.000,6761;CODE 676,
1155,680.000,3850.000,100.000,6771;CODE 677,L
1156,680.000,4000.000,100.000,6771;CODE 677,
1157,660.000,3850.000,100.000,6781;CODE 678,L
1158,660.000,4000.000,100.000,6781;CODE 678,
1159,640.000,3850.000,100.000,6791;CODE 679,L
1160,640.000,4000.000,100.000,6791;CODE 679,
1161,620.000,3850.000,100.000,6801;CODE 680,L
1162,620.000,4000.000,100.000,6801;CODE 680,
1163,600.000,3850.000,100.000,6811;CODE 681,L
1164,600.000,4000.000,100.000,6811;CODE 681,
1165,580.000,3850.000,100.000,6821;CODE 682,L
1166,580.000,4000.000,100.000,6821;CODE 682,
1167,560.000,3850.000,100.000,6831;CODE 683,L
1168,560.000,4000.000,100.000,6831;CODE 683,
1169,540.000,3850.000,100.000,6841;CODE 684,L
1170,540.000,4000.000,100.000,6841;CODE 684,
1171,520.000,3850.000,100.000,6851;CODE 685,L
1172,520.000,4000.000,100.000,6851;CODE 685,
1173,500.000,3850.000,100.000,6861;CODE 686,L
1174,500.000,4000.000,100.000,6861;CODE 686,
1175,480.000,3850.000,100.000,6871;CODE 687,L
1176,480.000,4000.000,100.000,6871;CODE 687,
1177,460.000,3850.000,100.000,6881;CODE 688,L
1178,460.000,4000.000,100.000,6881;CODE 688,
1179,440.000,3850.000,100.000,6891;CODE 689,L
1180,440.000,4000.000,100.000,6891;CODE 689,
1181,420.000,3850.000,100.000,6901;CODE 690,L
1182,420.000,4000.000,100.000,6901;CODE 690,
1183,400.000,3850.000,100.000,6911;CODE 691,L
1184,400.000,4000.000,100.000,6911;CODE 691,
1185,380.000,3850.000,100.000,6921;CODE 692,L
1186,380.000,4000.000,100.000,6921;CODE 692,
1187,360.000,3850.000,100.000,6931;CODE 693,L
1188,360.000,4000.000,100.000,6931;CODE 693,
1189,340.000,3850.000,100.000,6941;CODE 694,L
1190,340.000,4000.000,100.000,6941;CODE 694,
1191,320.000,3850.000,100.000,6951;CODE 695,L
1192,320.000,4000.000,100.000,6951;CODE 695,
1193,300.000,3850.000,100.000,6961;CODE 696,L
1194,300.000,4000.000,100.000,6961;CODE 696,
1195,280.000,3850.000,100.000,6971;CODE 697,L
1196,280.000,4000.000,100.000,6971;CODE 697,
1197,260.000,3850.000,100.000,6981;CODE 698,L
1198,260.000,4000.000,100.000,6981;CODE 698,
1199,240.000,3850.000,100.000,6991;CODE 699,L
1200,240.000,4000.000,100.000,6991;CODE 699,
1201,220.000,3850.000,100.000,7001;CODE 700,L
1202,220.000,4000.000,100.000,7001;CODE 700,
1203,200.000,3850.000,100.000,7011;CODE 701,L
1204,200.000,4000.000,100.000,7011;CODE 701,
1205,180.000,3850.000,100.000,7021;CODE 702,L
1206,180.000,4000.000,100.000,7021;CODE 702,
1207,160.000,3850.000,100.000,7031;CODE 703,L
1208,160.000,4000.000,100.000,7031;CODE 703,
1209,140.000,3850.000,100.000,7041;CODE 704,L
1210,140.000,4000.000,100.000,7041;CODE 704,
1211,120.000,3850.000,100.000,7051;CODE 705,L
1212,120.000,4000.000,100.000,7051;CODE 705,
1213,100.000,3850.000,100.000,7061;CODE 706,L
1214,100.000,4000.000,100.000,7061;CODE 706,
1215,80.000,3850.000,100.000,7071;CODE 707,L
1216,80.000,4000.000,100.000,7071;CODE 707,
1217,60.000,3850.000,100.000,7081;CODE 708,L
1218,60.000,4000.000,100.000,7081;CODE 708,
1219,40.000,3850.000,100.000,7091;CODE 709,L
1220,40.000,4000.000,100.000,7091;CODE 709,
1221,20.000,3850.000,100.000,7101;CODE 710,L
1222,20.000,4000.000,100.000,7101;CODE 710,
1223,0.000,3850.000,100.000,7111;CODE 711,L
1224,0.000,4000.000,100.000,7111;CODE 711,
1225,1000.000,4200.000,100.000,7121;CODE 712,L
1226,1000.000,4350.000,100.000,7121;CODE 712,
1227,980.000,4200.000,100.000,7131;CODE 713,L
1228,980.000,4350.000,100.000,7131;CODE 713,
1229,960.000,4200.000,100.000,7141;CODE 714,L
1230,960.000,4350.000,100.000,7141;CODE 714,
1231,940.000,4200.000,100.000,7151;CODE 715,L
1232,940.000,4350.000,100.000,7151;CODE 715,
1233,920.000,4200.000,100.000,7161;CODE 716,L
1234,920.000,4350.000,100.000,7161;CODE 716,
1235,900.000,4200.000,100.000,7171;CODE 717,L
1236,900.000,4350.000,100.000,7171;CODE 717,
1237,880.000,4200.000,100.000,7181;CODE 718,L
1238,880.000,4350.000,100.000,7181;CODE 718,
1239,860.000,4200.000,100.000,7191;CODE 719,L
1240,860.000,4350.000,100.000,7191;CODE 719,
1241,840.000,4200.000,100.000,7201;CODE 720,L
1242,840.000,4350.000,100.000,7201;CODE 720,
1243,820.000,4200.000,100.000,7211;CODE 721,L
1244,820.000,4350.000,100.000,7211;CODE 721,
1245,800.000,4200.000,100.000,7221;CODE 722,L
1246,800.000,4350.000,100.000,7221;CODE 722,
1247,780.000,4200.000,100.000,7231;CODE 723,L
1248,780.000,4350.000,100.000,7231;CODE 723,
1249,760.000,4200.000,100.000,7241;CODE 724,L
1250,760.000,4350.000,100.000,7241;CODE 724,
1251,740.000,4200.000,100.000,7251;CODE 725,L
1252,740.000,4350.000,100.000,7251;CODE 725,
1253,720.000,4200.000,100.000,7261;CODE 726,L
1254,720.000,4350.000,100.000,7261;CODE 726,
1255,700.000,4200.000,100.000,7271;CODE 727,L
1256,700.000,4350.000,100.000,7271;CODE 727,
1257,680.000,4200.000,100.000,7281;CODE 728,L
1258,680.000,4350.000,100.000,7281;CODE 728,
1259,660.000,4200.000,100.000,7291;CODE 729,L
1260,660.000,4350.000,100.000,7291;CODE 729,
1261,640.000,4200.000,100.000,7301;CODE 730,L
1262,640.000,4350.000,100.000,7301;CODE 730,
1263,620.000,4200.000,100.000,7311;CODE 731,L
1264,620.000,4350.000,100.000,7311;CODE 731,
1265,600.000,4200.000,100.000,7321;CODE 732,L
1266,600.000,4350.000,100.000,7321;CODE 732,
1267,580.000,4200.000,100.000,7331;CODE 733,L
1268,580.000,4350.000,100.000,7331;CODE 733,
1269,560.000,4200.000,100.000,7341;CODE 734,L
1270,560.000,4350.000,100.000,7341;CODE 734,
1271,540.000,4200.000,100.000,7351;CODE 735,L
1272,540.000,4350.000,100.000,7351;CODE 735,
1273,520.000,4200.000,100.000,7361;CODE 736,L
1274,520.000,4350.000,100.000,7361;CODE 736,
1275,500.000,4200.000,100.000,7371;CODE 737,L
1276,500.000,4350.000,100.000,7371;CODE 737,
1277,480.000,4200.000,100.000,7381;CODE 738,L
1278,480.000,4350.000,100.000,7381;CODE 738,
1279,460.000,4200.000,100.000,7391;CODE 739,L
1280,460.000,4350.000,100.000,7391;CODE 739,
1281,440.000,4200.000,100.000,7401;CODE 740,L
1282,440.000,4350.000,100.000,7401;CODE 740,
1283,420.000,4200.000,100.000,7411;CODE 741,L
1284,420.000,4350.000,100.000,7411;CODE 741,
1285,400.000,4200.000,100.000,7421;CODE 742,L
1286,400.000,4350.000,100.000,7421;CODE 742,
1287,380.000,4200.000,100.000,7431;CODE 743,L
1288,380.000,4350.000,100.000,7431;CODE 743,
1289,360.000,4200.000,100.000,7441;CODE 744,L
1290,360.000,4350.000,100.000,7441;CODE 744,
1291,340.000,4200.000,100.000,7451;CODE 745,L
1292,340.000,4350.000,100.000,7451;CODE 745,
1293,320.000,4200.000,100.000,7461;CODE 746,L
1294,320.000,4350.000,100.000,7461;CODE 746,
1295,300.000,4200.000,100.000,7471;CODE 747,L
1296,300.000,4350.000,100.000,7471;CODE 747,
1297,280.000,4200.000,100.000,7481;CODE 748,L
1298,280.000,4350.000,100.000,7481;CODE 748,
1299,260.000,4200.000,100.000,7491;CODE 749,L
1300,260.000,4350.000,100.000,7491;CODE 749,
1301,240.000,4200.000,100.000,7501;CODE 750,L
1302,240.000,4350.000,100.000,7501;CODE 750,
1303,220.000,4200.000,100.000,7511;CODE 751,L
1304,220.000,4350.000,100.000,7511;CODE 751,
1305,200.000,4200.000,100.000,7521;CODE 752,L
1306,200.000,4350.000,100.000,7521;CODE 752,
1307,180.000,4200.000,100.000,7531;CODE 753,L
1308,180.000,4350.000,100.000,7531;CODE 753,
1309,160.000,4200.000,100.000,7541;CODE 754,L
1310,160.000,4350.000,100.000,7541;CODE 754,
1311,140.000,4200.000,100.000,7551;CODE 755,L
1312,140.000,4350.000,100.000,7551;CODE 755,
1313,120.000,4200.000,100.000,7561;CODE 756,L
1314,120.000,4350.000,100.000,7561;CODE 756,
1315,100.000,4200.000,100.000,7571;CODE 757,L
1316,100.000,4350.000,100.000,7571;CODE 757,
1317,80.000,4200.000,100.000,7581;CODE 758,L
1318,80.000,4350.000,100.000,7581;CODE 758,
1319,60.000,4200.000,100.000,7591;CODE 759,L
1320,60.000,4350.000,100.000,7591;CODE 759,
1321,40.000,4200.000,100.000,7601;CODE 760,L
1322,40.000,4350.000,100.000,7601;CODE 760,
1323,20.000,4200.000,100.000,7611;CODE 761,L
1324,20.000,4350.000,100.000,7611;CODE 761,
1325,0.000,4200.000,100.000,7621;CODE 762,L
1326,0.000,4350.000,100.000,7621;CODE 762,
1327,1000.000,4550.000,100.000,7631;CODE 763,L
1328,1000.000,4700.000,100.000,7631;CODE 763,
1329,980.000,4550.000,100.000,7641;CODE 764,L
1330,980.000,4700.000,100.000,7641;CODE 764,
1331,960.000,4550.000,100.000,7651;CODE 765,L
1332,960.000,4700.000,100.000,7651;CODE 765,
1333,940.000,4550.000,100.000,7661;CODE 766,L
1334,940.000,4700.000,100.000,7661;CODE 766,
1335,920.000,4550.000,100.000,7671;CODE 767,L
1336,920.000,4700.000,100.000,7671;CODE 767,
1337,900.000,4550.000,100.000,7681;CODE 768,L
1338,900.000,4700.000,100.000,7681;CODE 768,
1339,880.000,4550.000,100.000,7691;CODE 769,L
1340,880.000,4700.000,100.000,7691;CODE 769,
1341,860.000,4550.000,100.000,7701;CODE 770,L
1342,860.000,4700.000,100.000,7701;CODE 770,
1343,840.000,4550.000,100.000,7711;CODE 771,L
1344,840.000,4700.000,100.000,7711;CODE 771,
1345,820.000,4550.000,100.000,7721;CODE 772,L
1346,820.000,4700.000,100.000,7721;CODE 772,
1347,800.000,4550.000,100.000,7731;CODE 773,L
1348,800.000,4700.000,100.000,7731;CODE 773,
1349,780.000,4550.000,100.000,7741;CODE 774,L
1350,780.000,4700.000,100.000,7741;CODE 774,
1351,760.000,4550.000,100.000,7751;CODE 775,L
1352,760.000,4700.000,100.000,7751;CODE 775,
1353,740.000,4550.000,100.000,7761;CODE 776,L
1354,740.000,4700.000,100.000,7761;CODE 776,
1355,720.000,4550.000,100.000,7771;CODE 777,L
1356,720.000,4700.000,100.000,7771;CODE 777,
1357,700.000,4550.000,100.000,7781;CODE 778,L
1358,700.000,4700.000,100.000,7781;CODE 778,
1359,680.000,4550.000,100.000,7791;CODE 779,L
1360,680.000,4700.000,100.000,7791;CODE 779,
1361,660.000,4550.000,100.000,7801;CODE 780,L
1362,660.000,4700.000,100.000,7801;CODE 780,
1363,640.000,4550.000,100.000,7811;CODE 781,L
1364,640.000,4700.000,100.000,7811;CODE 781,
1365,620.000,4550.000,100.000,7821;CODE 782,L
1366,620.000,4700.000,100.000,7821;CODE 782,
1367,600.000,4550.000,100.000,7831;CODE 783,L
1368,600.000,4700.000,100.000,7831;CODE 783,
1369,580.000,4550.000,100.000,7841;CODE 784,L
1370,580.000,4700.000,100.000,7841;CODE 784,
1371,560.000,4550.000,100.000,7851;CODE 785,L
1372,560.000,4700.000,100.000,7851;CODE 785,
1373,540.000,4550.000,100.000,7861;CODE 786,L
1374,540.000,4700.000,100.000,7861;CODE 786,
1375,520.000,4550.000,100.000,7871;CODE 787,L
1376,520.000,4700.000,100.000,7871;CODE 787,
1377,500.000,4550.000,100.000,7881;CODE 788,L
1378,500.000,4700.000,100.000,7881;CODE 788,
1379,480.000,4550.000,100.000,7891;CODE 789,L
1380,480.000,4700.000,100.000,7891;CODE 789,
1381,460.000,4550.000,100.000,7901;CODE 790,L
1382,460.000,4700.000,100.000,7901;CODE 790,
1383,440.000,4550.000,100.000,7911;CODE 791,L
1384,440.000,4700.000,100.000,7911;CODE 791,
1385,420.000,4550.000,100.000,7921;CODE 792,L
1386,420.000,4700.000,100.000,7921;CODE 792,
1387,400.000,4550.000,100.000,7931;CODE 793,L
1388,400.000,4700.000,100.000,7931;CODE 793,
1389,380.000,4550.000,100.000,7941;CODE 794,L
1390,380.000,4700.000,100.000,7941;CODE 794,
1391,360.000,4550.000,100.000,7951;CODE 795,L
1392,360.000,4700.000,100.000,7951;CODE 795,
1393,340.000,4550.000,100.000,7961;CODE 796,L
1394,340.000,4700.000,100.000,7961;CODE 796,
1395,320.000,4550.000,100.000,7971;CODE 797,L
1396,320.000,4700.000,100.000,7971;CODE 797,
1397,300.000,4550.000,100.000,7981;CODE 798,L
1398,300.000,4700.000,100.000,7981;CODE 798,
1399,280.000,4550.000,100.000,7991;CODE 799,L
1400,280.000,4700.000,100.000,7991;CODE 799,
1401,260.000,4550.000,100.000,8001;CODE 800,L
1402,260.000,4700.000,100.000,8001;CODE 800,
1403,240.000,4550.000,100.000,8011;CODE 801,L
1404,240.000,4700.000,100.000,8011;CODE 801,
1405,220.000,4550.000,100.000,8021;CODE 802,L
1406,220.000,4700.000,100.000,8021;CODE 802,
1407,200.000,4550.000,100.000,8031;CODE 803,L
1408,200.000,4700.000,100.000,8031;CODE 803,
1409,180.000,4550.000,100.000,8041;CODE 804,L
1410,180.000,4700.000,100.000,8041;CODE 804,
1411,160.000,4550.000,100.000,8051;CODE 805,L
1412,160.000,4700.000,100.000,8051;CODE 805,
1413,140.000,4550.000,100.000,8061;CODE 806,L
1414,140.000,4700.000,100.000,8061;CODE 806,
1415,120.000,4550.000,100.000,8071;CODE 807,L
1416,120.000,4700.000,100.000,8071;CODE 807,
1417,100.000,4550.000,100.000,8081;CODE 808,L
1418,100.000,4700.000,100.000,8081;CODE 808,
1419,80.000,4550.000,100.000,8091;CODE 809,L
1420,80.000,4700.000,100.000,8091;CODE 809,
1421,60.000,4550.000,100.000,8101;CODE 810,L
1422,60.000,4700.000,100.000,8101;CODE 810,
1423,40.000,4550.000,100.000,8111;CODE 811,L
1424,40.000,4700.000,100.000,8111;CODE 811,
1425,20.000,4550.000,100.000,8121;CODE 812,L
1426,20.000,4700.000,100.000,8121;CODE 812,
1427,0.000,4550.000,100.000,8131;CODE 813,L
1428,0.000,4700.000,100.000,8131;CODE 813,
1429,1000.000,4900.000,100.000,8141;CODE 814,L
1430,1000.000,5050.000,100.000,8141;CODE 814,
1431,980.000,4900.000,100.000,8151;CODE 815,L
1432,980.000,5050.000,100.000,8151;CODE 815,
1433,960.000,4900.000,100.000,8161;CODE 816,L
1434,960.000,5050.000,100.000,8161;CODE 816,
1435,940.000,4900.000,100.000,8171;CODE 817,L
1436,940.000,5050.000,100.000,8171;CODE 817,
1437,920.000,4900.000,100.000,8181;CODE 818,L
1438,920.000,5050.000,100.000,8181;CODE 818,
1439,900.000,4900.000,100.000,8191;CODE 819,L
1440,900.000,5050.000,100.000,8191;CODE 819,
1441,880.000,4900.000,100.000,8201;CODE 820,L
1442,880.000,5050.000,100.000,8201;CODE 820,
1443,860.000,4900.000,100.000,8211;CODE 821,L
1444,860.000,5050.000,100.000,8211;CODE 821,
1445,840.000,4900.000,100.000,8221;CODE 822,L
1446,840.000,5050.000,100.000,8221;CODE 822,
1447,820.000,4900.000,100.000,8231;CODE 823,L
1448,820.000,5050.000,100.000,8231;CODE 823,
1449,800.000,4900.000,100.000,8241;CODE 824,L
1450,800.000,5050.000,100.000,8241;CODE 824,
1451,780.000,4900.000,100.000,8251;CODE 825,L
1452,780.000,5050.000,100.000,8251;CODE 825,
1453,760.000,4900.000,100.000,8261;CODE 826,L
1454,760.000,5050.000,100.000,8261;CODE 826,
1455,740.000,4900.000,100.000,8271;CODE 827,L
1456,740.000,5050.000,100.000,8271;CODE 827,
1457,720.000,4900.000,100.000,8281;CODE 828,L
1458,720.000,5050.000,100.000,8281;CODE 828,
1459,700.000,4900.000,100.000,8291;CODE 829,L
1460,700.000,5050.000,100.000,8291;CODE 829,
1461,680.000,4900.000,100.000,8301;CODE 830,L
1462,680.000,5050.000,100.000,8301;CODE 830,
1463,660.000,4900.000,100.000,8311;CODE 831,L
1464,660.000,5050.000,100.000,8311;CODE 831,
1465,640.000,4900.000,100.000,8321;CODE 832,L
1466,640.000,5050.000,100.000,8321;CODE 832,
1467,620.000,4900.000,100.000,8331;CODE 833,L
1468,620.000,5050.000,100.000,8331;CODE 833,
1469,600.000,4900.000,100.000,8341;CODE 834,L
1470,600.000,5050.000,100.000,8341;CODE 834,
1471,580.000,4900.000,100.000,8351;CODE 835,L
1472,580.000,5050.000,100.000,8351;CODE 835,
1473,560.000,4900.000,100.000,8361;CODE 836,L
1474,560.000,5050.000,100.000,8361;CODE 836,
1475,540.000,4900.000,100.000,8371;CODE 837,L
1476,540.000,5050.000,100.000,8371;CODE 837,
1477,520.000,4900.000,100.000,8381;CODE 838,L
1478,520.000,5050.000,100.000,8381;CODE 838,
1479,500.000,4900.000,100.000,8391;CODE 839,L
1480,500.000,5050.000,100.000,8391;CODE 839,
1481,480.000,4900.000,100.000,8401;CODE 840,L
1482,480.000,5050.000,100.000,8401;CODE 840,
1483,460.000,4900.000,100.000,8411;CODE 841,L
1484,460.000,5050.000,100.000,8411;CODE 841,
1485,440.000,4900.000,100.000,8421;CODE 842,L
1486,440.000,5050.000,100.000,8421;CODE 842,
1487,420.000,4900.000,100.000,8431;CODE 843,L
1488,420.000,5050.000,100.000,8431;CODE 843,
1489,400.000,4900.000,100.000,8441;CODE 844,L
1490,400.000,5050.000,100.000,8441;CODE 844,
1491,380.000,4900.000,100.000,8451;CODE 845,L
1492,380.000,5050.000,100.000,8451;CODE 845,
1493,360.000,4900.000,100.000,8461;CODE 846,L
1494,360.000,5050.000,100.000,8461;CODE 846,
1495,340.000,4900.000,100.000,8471;CODE 847,L
1496,340.000,5050.000,100.000,8471;CODE 847,
1497,320.000,4900.000,100.000,8481;CODE 848,L
1498,320.000,5050.000,100.000,8481;CODE 848,
1499,300.000,4900.000,100.000,8491;CODE 849,L
1500,300.000,5050.000,100.000,8491;CODE 849,
1501,280.000,4900.000,100.000,8501;CODE 850,L
1502,280.000,5050.000,100.000,8501;CODE 850,
1503,260.000,4900.000,100.000,8511;CODE 851,L
1504,260.000,5050.000,100.000,8511;CODE 851,
1505,240.000,4900.000,100.000,8521;CODE 852,L
1506,240.000,5050.000,100.000,8521;CODE 852,
1507,220.000,4900.000,100.000,8531;CODE 853,L
1508,220.000,5050.000,100.000,8531;CODE 853,
1509,200.000,4900.000,100.000,8541;CODE 854,L
1510,200.000,5050.000,100.000,8541;CODE 854,
1511,180.000,4900.000,100.000,8551;CODE 855,L
1512,180.000,5050.000,100.000,8551;CODE 855,
1513,160.000,4900.000,100.000,8561;CODE 856,L
1514,160.000,5050.000,100.000,8561;CODE 856,
1515,140.000,4900.000,100.000,8571;CODE 857,L
1516,140.000,5050.000,100.000,8571;CODE 857,
1517,120.000,4900.000,100.000,8581;CODE 858,L
1518,120.000,5050.000,100.000,8581;CODE 858,
1519,100.000,4900.000,100.000,8591;CODE 859,L
1520,100.000,5050.000,100.000,8591;CODE 859,
1521,80.000,4900.000,100.000,8601;CODE 860,L
1522,80.000,5050.000,100.000,8601;CODE 860,
1523,60.000,4900.000,100.000,8611;CODE 861,L
1524,60.000,5050.000,100.000,8611;CODE 861,
1525,40.000,4900.000,100.000,8621;CODE 862,L
1526,40.000,5050.000,100.000,8621;CODE 862,
1527,20.000,4900.000,100.000,8631;CODE 863,L
1528,20.000,5050.000,100.000,8631;CODE 863,
1529,0.000,4900.000,100.000,8641;CODE 864,L
1530,0.000,5050.000,100.000,8641;CODE 864,
1531,1000.000,5250.000,100.000,8651;CODE 865,L
1532,1000.000,5400.000,100.000,8651;CODE 865,
1533,980.000,5250.000,100.000,8661;CODE 866,L
1534,980.000,5400.000,100.000,8661;CODE 866,
1535,960.000,5250.000,100.000,8671;CODE 867,L
1536,960.000,5400.000,100.000,8671;CODE 867,
1537,940.000,5250.000,100.000,8681;CODE 868,L
1538,940.000,5400.000,100.000,8681;CODE 868,
1539,920.000,5250.000,100.000,8691;CODE 869,L
1540,920.000,5400.000,100.000,8691;CODE 869,
1541,900.000,5250.000,100.000,8701;CODE 870,L
1542,900.000,5400.000,100.000,8701;CODE 870,
1543,880.000,5250.000,100.000,8711;CODE 871,L
1544,880.000,5400.000,100.000,8711;CODE 871,
1545,860.000,5250.000,100.000,8721;CODE 872,L
1546,860.000,5400.000,100.000,8721;CODE 872,
1547,840.000,5250.000,100.000,8731;CODE 873,L
1548,840.000,5400.000,100.000,8731;CODE 873,
1549,820.000,5250.000,100.000,8741;CODE 874,L
1550,820.000,5400.000,100.000,8741;CODE 874,
1551,800.000,5250.000,100.000,8751;CODE 875,L
1552,800.000,5400.000,100.000,8751;CODE 875,
1553,780.000,5250.000,100.000,8761;CODE 876,L
1554,780.000,5400.000,100.000,8761;CODE 876,
1555,760.000,5250.000,100.000,8771;CODE 877,L
1556,760.000,5400.000,100.000,8771;CODE 877,
1557,740.000,5250.000,100.000,8781;CODE 878,L
1558,740.000,5400.000,100.000,8781;CODE 878,
1559,720.000,5250.000,100.000,8791;CODE 879,L
1560,720.000,5400.000,100.000,8791;CODE 879,
1561,700.000,5250.000,100.000,8801;CODE 880,L
1562,700.000,5400.000,100.000,8801;CODE 880,
1563,680.000,5250.000,100.000,8811;CODE 881,L
1564,680.000,5400.000,100.000,8811;CODE 881,
1565,660.000,5250.000,100.000,8821;CODE 882,L
1566,660.000,5400.000,100.000,8821;CODE 882,
1567,640.000,5250.000,100.000,8831;CODE 883,L
1568,640.000,5400.000,100.000,8831;CODE 883,
1569,620.000,5250.000,100.000,8841;CODE 884,L
1570,620.000,5400.000,100.000,8841;CODE 884,
1571,600.000,5250.000,100.000,8851;CODE 885,L
1572,600.000,5400.000,100.000,8851;CODE 885,
1573,580.000,5250.000,100.000,8861;CODE 886,L
1574,580.000,5400.000,100.000,8861;CODE 886,
1575,560.000,5250.000,100.000,8871;CODE 887,L
1576,560.000,5400.000,100.000,8871;CODE 887,
1577,540.000,5250.000,100.000,8881;CODE 888,L
1578,540.000,5400.000,100.000,8881;CODE 888,
1579,520.000,5250.000,100.000,8891;CODE 889,L
1580,520.000,5400.000,100.000,8891;CODE 889,
1581,500.000,5250.000,100.000,8901;CODE 890,L
1582,500.000,5400.000,100.000,8901;CODE 890,
1583,480.000,5250.000,100.000,8911;CODE 891,L
1584,480.000,5400.000,100.000,8911;CODE 891,
1585,460.000,5250.000,100.000,8921;CODE 892,L
1586,460.000,5400.000,100.000,8921;CODE 892,
1587,440.000,5250.000,100.000,8931;CODE 893,L
1588,440.000,5400.000,100.000,8931;CODE 893,
1589,420.000,5250.000,100.000,8941;CODE 894,L
1590,420.000,5400.000,100.000,8941;CODE 894,
1591,400.000,5250.000,100.000,8951;CODE 895,L
1592,400.000,5400.000,100.000,8951;CODE 895,
1593,380.000,5250.000,100.000,8961;CODE 896,L
1594,380.000,5400.000,100.000,8961;CODE 896,
1595,360.000,5250.000,100.000,8971;CODE 897,L
1596,360.000,5400.000,100.000,8971;CODE 897,
1597,340.000,5250.000,100.000,8981;CODE 898,L
1598,340.000,5400.000,100.000,8981;CODE 898,
1599,320.000,5250.000,100.000,8991;CODE 899,L
1600,320.000,5400.000,100.000,8991;CODE 899,
1601,300.000,5250.000,100.000,9001;CODE 900,L
1602,300.000,5400.000,100.000,9001;CODE 900,
1603,280.000,5250.000,100.000,9011;CODE 901,L
1604,280.000,5400.000,100.000,9011;CODE 901,
1605,260.000,5250.000,100.000,9021;CODE 902,L
1606,260.000,5400.000,100.000,9021;CODE 902,
1607,240.000,5250.000,100.000,9031;CODE 903,L
1608,240.000,5400.000,100.000,9031;CODE 903,
1609,220.000,5250.000,100.000,9041;CODE 904,L
1610,220.000,5400.000,100.000,9041;CODE 904,
1611,200.000,5250.000,100.000,9051;CODE 905,L
1612,200.000,5400.000,100.000,9051;CODE 905,
1613,180.000,5250.000,100.000,9061;CODE 906,L
1614,180.000,5400.000,100.000,9061;CODE 906,
1615,160.000,5250.000,100.000,9071;CODE 907,L
1616,160.000,5400.000,100.000,9071;CODE 907,
1617,140.000,5250.000,100.000,9081;CODE 908,L
1618,140.000,5400.000,100.000,9081;CODE 908,
1619,120.000,5250.000,100.000,9091;CODE 909,L
1620,120.000,5400.000,100.000,9091;CODE 909,
1621,100.000,5250.000,100.000,9101;CODE 910,L
1622,100.000,5400.000,100.000,9101;CODE 910,
1623,80.000,5250.000,100.000,9111;CODE 911,L
1624,80.000,5400.000,100.000,9111;CODE 911,
1625,60.000,5250.000,100.000,9121;CODE 912,L
1626,60.000,5400.000,100.000,9121;CODE 912,
1627,40.000,5250.000,100.000,9131;CODE 913,L
1628,40.000,5400.000,100.000,9131;CODE 913,
1629,20.000,5250.000,100.000,9141;CODE 914,L
1630,20.000,5400.000,100.000,9141;CODE 914,
1631,0.000,5250.000,100.000,9151;CODE 915,L
1632,0.000,5400.000,100.000,9151;CODE 915,
1633,1000.000,5600.000,100.000,9161;CODE 916,L
1634,1000.000,5750.000,100.000,9161;CODE 916,
1635,980.000,5600.000,100.000,9171;CODE 917,L
1636,980.000,5750.000,100.000,9171;CODE 917,
1637,960.000,5600.000,100.000,9181;CODE 918,L
1638,960.000,5750.000,100.000,9181;CODE 918,
1639,940.000,5600.000,100.000,9191;CODE 919,L
1640,940.000,5750.000,100.000,9191;CODE 919,
1641,920.000,5600.000,100.000,9201;CODE 920,L
1642,920.000,5750.000,100.000,9201;CODE 920,
1643,900.000,5600.000,100.000,9211;CODE 921,L
1644,900.000,5750.000,100.000,9211;CODE 921,
1645,880.000,5600.000,100.000,9221;CODE 922,L
1646,880.000,5750.000,100.000,9221;CODE 922,
1647,860.000,5600.000,100.000,9231;CODE 923,L
1648,860.000,5750.000,100.000,9231;CODE 923,
1649,840.000,5600.000,100.000,9241;CODE 924,L
1650,840.000,5750.000,100.000,9241;CODE 924,
1651,820.000,5600.000,100.000,9251;CODE 925,L
1652,820.000,5750.000,100.000,9251;CODE 925,
1653,800.000,5600.000,100.000,9261;CODE 926,L
1654,800.000,5750.000,100.000,9261;CODE 926,
1655,780.000,5600.000,100.000,9271;CODE 927,L
1656,780.000,5750.000,100.000,9271;CODE 927,
1657,760.000,5600.000,100.000,9281;CODE 928,L
1658,760.000,5750.000,100.000,9281;CODE 928,
1659,740.000,5600.000,100.000,9291;CODE 929,L
1660,740.000,5750.000,100.000,9291;CODE 929,
1661,720.000,5600.000,100.000,9301;CODE 930,L
1662,720.000,5750.000,100.000,9301;CODE 930,
1663,700.000,5600.000,100.000,9311;CODE 931,L
1664,700.000,5750.000,100.000,9311;CODE 931,
1665,680.000,5600.000,100.000,9321;CODE 932,L
1666,680.000,5750.000,100.000,9321;CODE 932,
1667,660.000,5600.000,100.000,9331;CODE 933,L
1668,660.000,5750.000,100.000,9331;CODE 933,
1669,640.000,5600.000,100.000,9341;CODE 934,L
1670,640.000,5750.000,100.000,9341;CODE 934,
1671,620.000,5600.000,100.000,9351;CODE 935,L
1672,620.000,5750.000,100.000,9351;CODE 935,
1673,600.000,5600.000,100.000,9361;CODE 936,L
1674,600.000,5750.000,100.000,9361;CODE 936,
1675,580.000,5600.000,100.000,9371;CODE 937,L
1676,580.000,5750.000,100.000,9371;CODE 937,
1677,560.000,5600.000,100.000,9381;CODE 938,L
1678,560.000,5750.000,100.000,9381;CODE 938,
1679,540.000,5600.000,100.000,9391;CODE 939,L
1680,540.000,5750.000,100.000,9391;CODE 939,
1681,520.000,5600.000,100.000,9401;CODE 940,L
1682,520.000,5750.000,100.000,9401;CODE 940,
1683,500.000,5600.000,100.000,9411;CODE 941,L
1684,500.000,5750.000,100.000,9411;CODE 941,
1685,480.000,5600.000,100.000,9421;CODE 942,L
1686,480.000,5750.000,100.000,9421;CODE 942,
1687,460.000,5600.000,100.000,9431;CODE 943,L
1688,460.000,5750.000,100.000,9431;CODE 943,
1689,440.000,5600.000,100.000,9441;CODE 944,L
1690,440.000,5750.000,100.000,9441;CODE 944,
1691,420.000,5600.000,100.000,9451;CODE 945,L
1692,420.000,5750.000,100.000,9451;CODE 945,
1693,400.000,5600.000,100.000,9461;CODE 946,L
1694,400.000,5750.000,100.000,9461;CODE 946,
1695,380.000,5600.000,100.000,9471;CODE 947,L
1696,380.000,5750.000,100.000,9471;CODE 947,
1697,360.000,5600.000,100.000,9481;CODE 948,L
1698,360.000,5750.000,100.000,9481;CODE 948,
1699,340.000,5600.000,100.000,9491;CODE 949,L
1700,340.000,5750.000,100.000,9491;CODE 949,
1701,320.000,5600.000,100.000,9501;CODE 950,L
1702,320.000,5750.000,100.000,9501;CODE 950,
1703,300.000,5600.000,100.000,9511;CODE 951,L
1704,300.000,5750.000,100.000,9511;CODE 951,
1705,280.000,5600.000,100.000,9521;CODE 952,L
1706,280.000,5750.000,100.000,9521;CODE 952,
1707,260.000,5600.000,100.000,9531;CODE 953,L
1708,260.000,5750.000,100.000,9531;CODE 953,
1709,240.000,5600.000,100.000,9541;CODE 954,L
1710,240.000,5750.000,100.000,9541;CODE 954,
1711,220.000,5600.000,100.000,9551;CODE 955,L
1712,220.000,5750.000,100.000,9551;CODE 955,
1713,200.000,5600.000,100.000,9561;CODE 956,L
1714,200.000,5750.000,100.000,9561;CODE 956,
1715,180.000,5600.000,100.000,9571;CODE 957,L
1716,180.000,5750.000,100.000,9571;CODE 957,
1717,160.000,5600.000,100.000,9581;CODE 958,L
1718,160.000,5750.000,100.000,9581;CODE 958,
1719,140.000,5600.000,100.000,9591;CODE 959,L
1720,140.000,5750.000,100.000,9591;CODE 959,
1721,120.000,5600.000,100.000,9601;CODE 960,L
1722,120.000,5750.000,100.000,9601;CODE 960,
1723,100.000,5600.000,100.000,9611;CODE 961,L
1724,100.000,5750.000,100.000,9611;CODE 961,
1725,80.000,5600.000,100.000,9621;CODE 962,L
1726,80.000,5750.000,100.000,9621;CODE 962,
1727,60.000,5600.000,100.000,9631;CODE 963,L
1728,60.000,5750.000,100.000,9631;CODE 963,
1729,40.000,5600.000,100.000,9641;CODE 964,L
1730,40.000,5750.000,100.000,9641;CODE 964,
1731,20.000,5600.000,100.000,9651;CODE 965,L
1732,20.000,5750.000,100.000,9651;CODE 965,
1733,0.000,5600.000,100.000,9661;CODE 966,L
1734,0.000,5750.000,100.000,9661;CODE 966,
1735,1000.000,5950.000,100.000,9671;CODE 967,L
1736,1000.000,6100.000,100.000,9671;CODE 967,
1737,980.000,5950.000,100.000,9681;CODE 968,L
1738,980.000,6100.000,100.000,9681;CODE 968,
1739,960.000,5950.000,100.000,9691;CODE 969,L
1740,960.000,6100.000,100.000,9691;CODE 969,
1741,940.000,5950.000,100.000,9701;CODE 970,L
1742,940.000,6100.000,100.000,9701;CODE 970,
1743,920.000,5950.000,100.000,9711;CODE 971,L
1744,920.000,6100.000,100.000,9711;CODE 971,
1745,900.000,5950.000,100.000,9721;CODE 972,L
1746,900.000,6100.000,100.000,9721;CODE 972,
1747,880.000,5950.000,100.000,9731;CODE 973,L
1748,880.000,6100.000,100.000,9731;CODE 973,
1749,860.000,5950.000,100.000,9741;CODE 974,L
1750,860.000,6100.000,100.000,9741;CODE 974,
1751,840.000,5950.000,100.000,9751;CODE 975,L
1752,840.000,6100.000,100.000,9751;CODE 975,
1753,820.000,5950.000,100.000,9761;CODE 976,L
1754,820.000,6100.000,100.000,9761;CODE 976,
1755,800.000,5950.000,100.000,9771;CODE 977,L
1756,800.000,6100.000,100.000,9771;CODE 977,
1757,780.000,5950.000,100.000,9781;CODE 978,L
1758,780.000,6100.000,100.000,9781;CODE 978,
1759,760.000,5950.000,100.000,9791;CODE 979,L
1760,760.000,6100.000,100.000,9791;CODE 979,
1761,740.000,5950.000,100.000,9801;CODE 980,L
1762,740.000,6100.000,100.000,9801;CODE 980,
1763,720.000,5950.000,100.000,9811;CODE 981,L
1764,720.000,6100.000,100.000,9811;CODE 981,
1765,700.000,5950.000,100.000,9821;CODE 982,L
1766,700.000,6100.000,100.000,9821;CODE 982,
1767,680.000,5950.000,100.000,9831;CODE 983,L
1768,680.000,6100.000,100.000,9831;CODE 983,
1769,660.000,5950.000,100.000,9841;CODE 984,L
1770,660.000,6100.000,100.000,9841;CODE 984,
1771,640.000,5950.000,100.000,9851;CODE 985,L
1772,640.000,6100.000,100.000,9851;CODE 985,
1773,620.000,5950.000,100.000,9861;CODE 986,L
1774,620.000,6100.000,100.000,9861;CODE 986,
1775,600.000,5950.000,100.000,9871;CODE 987,L
1776,600.000,6100.000,100.000,9871;CODE 987,
1777,580.000,5950.000,100.000,9881;CODE 988,L
1778,580.000,6100.000,100.000,9881;CODE 988,
1779,560.000,5950.000,100.000,9891;CODE 989,L
1780,560.000,6100.000,100.000,9891;CODE 989,
1781,540.000,5950.000,100.000,9901;CODE 990,L
1782,540.000,6100.000,100.000,9901;CODE 990,
1783,520.000,5950.000,100.000,9911;CODE 991,L
1784,520.000,6100.000,100.000,9911;CODE 991,
1785,500.000,5950.000,100.000,9921;CODE 992,L
1786,500.000,6100.000,100.000,9921;CODE 992,
1787,480.000,5950.000,100.000,9931;CODE 993,L
1788,480.000,6100.000,100.000,9931;CODE 993,
1789,460.000,5950.000,100.000,9941;CODE 994,L
1790,460.000,6100.000,100.000,9941;CODE 994,
1791,440.000,5950.000,100.000,9951;CODE 995,L
1792,440.000,6100.000,100.000,9951;CODE 995,
1793,420.000,5950.000,100.000,9961;CODE 996,L
1794,420.000,6100.000,100.000,9961;CODE 996,
1795,400.000,5950.000,100.000,9971;CODE 997,L
1796,400.000,6100.000,100.000,9971;CODE 997,
1797,380.000,5950.000,100.000,9981;CODE 998,L
1798,380.000,6100.000,100.000,9981;CODE 998,
1799,360.000,5950.000,100.000,9991;CODE 999,L
1800,360.000,6100.000,100.000,9991;CODE 999,
